13:55:40.055191,-3.81,8.63,2.00,-0.61,0.18,-0.01,0.56,-0.06,-0.06,1.46,-1.29,-0.01,-3.63,-2.38,2040.88,-0.59,0.35,-0.01,9.06,-8.06,-0.06,326.54,-0.01,-0.01,0.00,0.00,0.00,0.00,0.00,0.00,0.00,0.00,0.00,0.00,0.00,0.00
13:55:40.430252,-17.50,2042.50,-0.06,-0.46,-0.03,-0.64,10.38,7.50,-0.06,0.45,0.93,-0.01,18.94,-8.06,-0.06,-0.64,-0.45,-0.28,10.75,-8.06,-0.06,-0.75,-0.01,-0.01,1.06,-0.06,-0.06,326.65,-0.01,-0.01,0.00,0.00,0.00,0.00,0.00,0.00
13:55:40.797323,-3.38,11.13,0.88,-0.59,-0.30,-0.16,20.31,1.63,-0.06,0.27,0.52,-0.01,-2.50,1.81,2.69,-0.62,0.01,-0.01,-4.50,-0.06,-0.06,-0.31,-0.27,0.01,-0.25,-0.50,-1.13,326.86,-0.01,-0.01,0.44,0.13,0.13,0.07,0.61,-1.29
13:55:41.165275,4.69,2.13,-8.06,-0.28,0.10,-0.01,2034.31,-0.06,-0.06,0.15,0.22,-1.29,2.88,-8.06,-0.06,-0.27,0.21,-1.29,4.94,-0.06,-0.06,-0.28,-0.16,0.08,4.06,-0.06,-0.06,-0.56,-0.22,0.22,-0.75,2.56,0.69,-0.01,0.34,-1.29
13:55:41.528017,1.94,0.19,0.06,-0.21,0.09,-0.01,1.63,6.06,4.13,-0.06,0.15,-1.29,2.13,-8.06,-0.06,-0.17,0.11,-1.29,1.25,-8.06,-0.06,-0.30,-0.02,0.00,1.50,0.13,-0.06,-0.49,-0.21,0.31,-0.25,0.75,0.13,0.00,0.25,-0.01
13:55:41.895245,1.75,0.25,0.19,-0.19,0.10,-1.29,2042.56,-0.06,-0.06,0.08,-1.29,-0.01,1.19,-8.06,-0.06,-0.15,0.09,-1.29,-2.69,0.06,1.19,-0.23,0.01,-1.29,2.31,-8.06,-0.06,-0.52,-0.22,0.32,-0.88,0.94,-8.06,0.00,0.24,-1.29
13:55:42.256986,0.69,0.25,0.06,-0.13,0.22,-1.29,5.06,-0.06,-0.06,0.07,0.10,-0.01,-0.44,-0.69,-0.75,-0.07,0.06,-1.29,-0.75,0.63,1.06,-0.14,0.02,-1.29,0.56,-0.06,-0.06,-0.50,-0.29,0.32,-2.50,0.88,0.19,0.05,0.16,-1.29
13:55:42.620078,1.06,1.44,-8.06,-0.12,0.19,-1.29,8.94,-8.06,-0.06,0.13,0.36,-1.29,0.44,-0.06,-0.06,-0.06,0.08,-1.29,3.00,-8.06,-0.06,0.04,-1.29,-0.01,0.94,-8.06,-0.06,-0.42,-0.33,0.34,-0.44,1.38,-8.06,0.00,0.29,-1.29
13:55:42.984101,0.88,2.25,0.50,-0.17,0.09,-1.29,24.56,0.63,-0.06,0.12,0.28,-1.29,0.56,-8.06,-0.06,-0.11,0.00,-0.01,-0.44,-1.88,2.38,0.12,0.32,0.13,1.00,0.06,0.44,-0.48,-0.24,0.30,2.38,0.00,-0.06,-0.14,0.19,0.16
13:55:43.353671,-0.25,0.56,0.00,-0.21,0.13,-1.29,2032.75,-0.06,-0.06,0.00,-1.29,-0.01,0.00,0.13,0.44,-0.12,0.01,-0.01,0.13,-8.06,-0.06,-0.11,-0.03,0.01,0.56,-0.06,-0.06,-0.51,-0.23,0.32,1.50,-0.06,-0.06,-0.02,0.09,-1.29
13:55:43.721925,0.63,0.13,-0.06,-0.11,0.08,-0.01,2.44,-0.06,-0.06,0.00,0.10,-0.01,-0.06,0.56,0.25,-0.05,0.05,-0.01,1.25,-8.06,-0.06,-0.06,-0.01,-0.02,2.13,-8.06,-0.06,-0.35,-0.20,0.35,-0.75,1.75,-0.06,-0.01,0.08,-1.29
13:55:44.084430,1.06,0.38,0.25,-0.17,0.20,-0.01,-0.44,0.25,-0.06,-0.02,0.04,-0.01,0.25,-8.06,-0.06,0.00,0.03,-0.01,-0.75,-0.31,0.44,-0.05,-0.06,0.00,0.19,-8.06,-0.06,-0.43,-0.22,0.35,0.81,-8.06,-0.06,0.00,0.08,0.00
13:55:44.449804,0.69,0.63,-8.06,-0.18,0.16,-1.29,2.06,-8.06,-0.06,0.00,-0.01,-0.01,-1.06,0.63,0.06,-0.05,0.06,-0.01,0.13,0.75,0.19,0.00,-0.01,-0.01,0.56,-0.06,-0.06,-0.43,-0.26,0.33,-0.25,0.00,-8.06,0.03,0.07,-0.01
13:55:44.815767,0.63,0.13,-8.06,-0.19,0.16,-0.01,41.81,17.56,-0.06,-0.24,0.18,-1.29,0.31,-0.06,-0.06,-0.06,0.06,-0.01,1.13,-8.06,-0.06,-0.01,-0.05,0.00,-0.44,0.13,0.06,-0.41,-0.23,0.39,1.63,0.81,1.00,-0.02,-0.05,0.07
13:55:45.185826,-1.44,-0.56,0.50,-0.14,0.11,-1.29,2041.00,-0.06,-0.06,0.01,-1.29,-0.01,1.63,-0.06,-0.06,0.01,0.13,-1.29,-3.06,0.50,0.75,-0.09,-0.13,0.08,-0.50,-0.13,0.00,-0.37,-0.27,0.42,-1.38,-2.25,0.63,-0.03,0.01,0.11
13:55:45.549085,-0.50,0.00,0.06,-0.20,0.11,-0.01,8.13,-8.06,-0.06,-0.03,0.36,-0.01,-0.44,0.00,-8.06,-0.03,0.02,-0.01,-2.63,2.50,-0.06,0.06,0.12,-0.01,-0.19,0.25,0.31,-0.43,-0.21,0.35,0.94,-8.06,-0.06,0.03,0.09,-1.29
13:55:45.913461,0.31,0.00,0.19,-0.20,0.14,-0.01,-0.50,-1.06,1.38,0.04,-1.29,-0.01,0.69,-8.06,-0.06,-0.08,0.06,-0.01,1.88,0.69,0.13,0.00,0.05,-0.01,-0.69,-0.13,-0.38,-0.44,-0.23,0.35,0.56,0.25,-0.06,0.05,0.06,0.02
13:55:46.282645,0.06,0.00,0.25,-0.13,0.11,-0.01,-4.94,-0.06,-0.06,-0.07,0.09,0.03,0.44,-8.06,-0.06,-0.01,0.10,-1.29,-5.69,-0.06,-0.06,-0.07,-0.01,-0.05,-1.06,-0.19,-0.69,-0.35,-0.19,0.31,0.19,-8.06,-0.06,0.01,0.08,-1.29
13:55:46.652842,0.00,0.44,-8.06,-0.18,0.15,-0.01,2043.44,-0.06,-0.06,-0.10,-0.03,-0.07,-1.00,0.19,-0.06,-0.05,0.11,-1.29,7.75,0.50,-8.06,0.03,-0.01,-0.01,1.00,0.13,0.81,-0.35,-0.16,0.33,-1.69,0.81,-8.06,-0.06,0.13,-0.01
13:55:47.015150,0.00,0.00,0.00,-0.11,0.14,-1.29,1.38,-8.06,-0.06,-0.04,0.15,-1.29,-0.13,0.13,0.25,-0.02,0.03,-0.01,-0.19,-0.19,-0.06,0.00,0.08,-0.01,0.06,0.00,0.00,-0.36,-0.28,0.38,-0.38,0.75,-8.06,0.02,0.05,0.02
13:55:47.380539,0.88,0.63,-0.06,-0.13,0.12,-0.01,-14.31,-0.06,-0.06,-0.09,0.17,-1.29,0.38,-0.06,-0.06,-0.04,0.05,-1.29,6.50,4.56,-8.06,-0.01,0.01,-0.01,0.13,-8.06,-0.06,-0.39,-0.24,0.39,0.00,2.31,0.25,0.11,-1.29,-0.01
13:55:47.744686,-0.44,-0.13,0.63,-0.20,0.12,-0.01,-11.31,-5.50,-0.06,0.04,0.03,-1.29,1.31,0.19,0.81,-0.08,0.03,-0.01,5.94,0.94,-8.06,0.03,0.13,-1.29,-1.63,0.75,-0.06,-0.44,-0.21,0.37,1.81,1.00,-8.06,0.04,0.01,0.00
13:55:48.104139,0.94,0.19,0.00,-0.14,0.18,-0.01,3.44,1.44,-0.06,-0.18,-0.09,-0.46,-0.19,0.00,-8.06,0.03,0.00,-0.01,0.06,-8.06,-0.06,0.09,0.06,0.08,-1.06,0.25,0.06,-0.41,-0.30,0.42,2.06,0.56,-8.06,-0.01,0.08,0.06
13:55:48.465134,-0.19,-1.19,1.00,-0.15,0.18,-1.29,-1.31,5.38,4.06,-0.05,0.12,-1.29,2.06,0.88,0.25,-0.03,0.07,-1.29,7.06,-0.06,-0.06,-0.04,-0.04,-0.11,-1.88,1.00,0.56,-0.39,-0.19,0.33,5.94,0.69,3.94,0.03,0.04,0.07
13:55:48.831887,1.81,0.31,-0.06,-0.19,0.14,-0.01,-1.06,1.31,-0.06,0.00,0.00,-0.01,0.06,0.94,0.31,-0.05,-0.12,-0.08,-4.00,-1.75,0.44,0.06,-1.29,-0.01,2.13,-8.06,-0.06,-0.43,-0.22,0.26,-2.88,1.50,-0.06,-0.04,-0.07,-0.03
13:55:49.198366,0.00,0.13,0.00,-0.19,0.10,-0.01,-2.13,8.38,-8.06,-0.07,0.07,0.03,0.31,0.38,0.31,-0.08,0.07,-0.01,-2.81,2.13,-8.06,-0.06,-0.01,-0.11,0.75,-8.06,-0.06,-0.45,-0.26,0.39,-0.25,-0.75,0.38,0.09,0.02,-0.01
13:55:49.563585,1.06,0.38,0.00,-0.13,0.16,-0.01,7.38,5.13,-0.06,-0.01,0.30,-0.01,2.31,-8.06,-0.06,0.01,0.07,-0.01,-0.38,0.75,-0.06,0.02,0.01,-1.29,-1.50,-0.19,0.38,-0.37,-0.20,0.44,-1.00,-0.06,-0.06,0.05,-1.29,-0.01
13:55:49.931730,0.63,0.50,0.00,-0.10,0.11,-1.29,1.88,-8.06,-0.06,-0.04,-0.04,-0.03,-0.38,0.25,-8.06,-0.05,0.03,-0.01,2.56,1.19,-8.06,0.03,-1.29,-0.01,-0.38,0.00,-8.06,-0.36,-0.22,0.35,-0.06,0.13,-8.06,0.05,-0.01,-0.01
13:55:50.297968,0.31,-8.06,-0.06,-0.13,0.12,-1.29,4.69,-8.06,-0.06,0.00,-0.01,-0.01,-0.13,-0.06,-0.25,0.00,0.00,-1.29,-1.50,0.81,0.81,0.08,-1.29,-0.01,0.63,-8.06,-0.06,-0.41,-0.24,0.36,-0.81,-0.19,-0.75,0.01,0.09,0.05
13:55:50.658386,0.38,0.13,0.13,-0.13,0.15,-1.29,17.06,4.13,-8.06,0.13,0.20,0.14,0.38,-8.06,-0.06,-0.02,0.06,-0.01,1.56,-8.06,-0.06,0.16,0.03,0.01,-0.75,0.31,-0.06,-0.35,-0.22,0.35,2.88,0.00,-8.06,0.02,0.10,0.13
13:55:51.023235,-0.38,-0.25,0.50,-0.14,0.01,-1.29,10.38,3.81,-8.06,-0.01,0.52,-0.01,0.19,1.38,0.44,-0.10,0.00,-0.01,4.88,0.81,-8.06,0.18,0.00,0.05,-0.44,0.81,-0.06,-0.37,-0.20,0.37,5.25,-8.06,-0.06,-0.13,0.14,0.23
13:55:51.395630,26.81,-8.06,-0.06,-0.04,0.29,-0.01,-11.56,-8.19,-1.38,-0.12,-0.02,-0.13,2041.94,-0.06,-0.06,0.00,-0.01,-0.01,2.81,1.19,6.88,-0.01,-0.11,-0.23,1.31,-9.38,3.25,-0.39,-0.58,0.38,7.19,-0.06,-0.06,0.41,-0.01,-0.01
13:55:51.771268,29.31,-0.06,-0.06,-0.49,-0.13,0.17,-3.00,-1.25,-0.94,0.02,0.40,-0.01,-4.94,-0.06,-0.06,-0.72,-0.01,-0.01,2042.06,-0.06,-0.06,0.06,0.03,0.19,2042.75,-0.06,-0.06,-0.47,0.63,-0.01,-11.56,3.50,2033.31,-0.46,0.10,0.04
13:55:52.149813,2041.81,-0.06,-0.06,-0.26,0.24,-0.01,-11.50,4.13,-8.06,-0.17,0.10,-1.29,-9.19,-9.06,-0.69,0.08,0.58,-1.29,-7.38,-0.06,-0.06,-0.19,0.01,-0.01,-5.63,-0.06,-0.06,-0.56,-0.27,0.33,-9.25,-10.63,-10.31,0.07,-1.29,-0.01
13:55:52.513542,-0.38,-1.06,1.06,-0.11,0.16,-0.01,8.81,2.94,7.44,0.02,0.30,-0.01,3.50,0.31,-8.06,-0.10,0.02,-1.29,-1.63,1.56,-8.06,0.06,0.15,0.01,-4.63,-0.06,-0.06,-0.57,-0.41,0.41,-3.81,-0.75,-2.81,0.00,0.02,0.13
13:55:52.873480,0.19,-0.06,-0.06,-0.09,0.24,-0.01,10.50,1.31,2.31,-0.04,0.53,-0.01,1.19,1.69,0.50,-0.10,-0.06,0.00,0.63,5.38,0.81,0.04,0.17,0.00,0.00,-0.06,-0.06,-0.50,-0.30,0.37,1.81,-8.06,-0.06,-0.01,-0.01,0.17
13:55:53.234315,1.31,-8.06,-0.06,-0.09,0.19,-1.29,7.63,-0.06,-0.06,-0.02,0.00,-1.29,1.63,0.00,-0.06,-0.08,0.12,-1.29,4.13,-0.06,-0.06,0.17,0.00,0.05,2.75,-0.06,-0.06,-0.40,-0.13,0.42,2.25,2.75,3.81,-0.06,0.06,0.04
13:55:53.598093,6.69,-8.06,-0.06,-0.10,0.49,-1.29,2.75,4.44,-0.06,0.06,0.13,-0.01,4.81,2.25,0.06,-0.12,0.00,-1.29,1.63,-0.06,-0.06,0.12,-0.01,-0.01,3.69,-8.06,-0.06,-0.59,-0.32,0.33,-2.94,4.63,3.44,0.19,-0.01,-0.01
13:55:53.959789,-1.63,-0.50,1.56,-0.09,0.13,-1.29,0.31,3.06,2.75,-0.01,0.02,-0.01,3.44,-0.06,-0.06,-0.02,0.06,-0.01,0.13,-0.06,-0.06,0.10,-1.29,-0.01,1.00,-8.06,-0.06,-0.30,-0.33,0.44,1.88,1.88,2.75,-0.01,0.10,0.07
13:55:54.322284,0.75,0.19,-8.06,-0.02,0.01,-1.29,-6.19,-0.06,-0.06,0.10,-1.29,-0.01,-0.94,0.69,-8.06,0.06,0.00,-0.01,0.56,-8.06,-0.06,0.06,-1.29,-0.01,-1.13,0.38,0.81,-0.33,-0.28,0.44,2.88,2.94,0.13,0.00,0.05,0.05
13:55:54.687294,0.50,0.38,0.19,-0.08,0.04,-0.01,2042.25,-0.06,-0.06,0.05,0.21,-0.01,0.56,-8.06,-0.06,-0.01,0.03,-0.01,2.69,-0.06,-0.06,0.11,0.06,-1.29,1.31,-0.06,-0.06,-0.32,-0.21,0.43,-0.50,1.56,-8.06,0.01,0.08,0.10
13:55:55.058070,0.25,0.25,-0.06,-0.07,0.08,-1.29,2.06,-8.06,-0.06,-0.02,0.02,-1.29,-0.31,-0.13,-0.25,-0.03,-0.03,-0.10,0.88,1.25,-8.06,0.02,-1.29,-0.01,-2.25,0.13,-8.06,-0.37,-0.29,0.39,2.94,-0.06,-0.06,0.03,-0.01,-0.01
13:55:55.424868,0.38,0.06,-0.06,-0.09,0.10,-0.01,9.31,7.56,3.81,-0.04,0.12,-1.52,-0.13,0.81,0.63,-0.05,-0.16,-0.13,-2.25,0.00,2.63,0.04,0.06,-1.29,0.56,-0.06,-0.06,-0.45,-0.34,0.32,-3.63,-1.31,-0.06,0.09,-1.29,-0.01
13:55:55.797587,-0.13,0.88,-8.06,-0.06,0.04,-0.01,2035.38,-0.06,-0.06,0.00,-1.29,-0.01,-0.50,-1.31,-1.00,0.03,-1.29,-0.01,-4.56,-0.06,-0.06,0.06,-0.01,-0.01,2.19,-8.06,-0.06,-0.33,-0.24,0.42,-3.50,0.69,-8.06,-0.04,0.00,0.03
13:55:56.164246,-1.19,-0.44,0.25,-0.06,0.00,-0.01,3.25,-8.06,-0.06,-0.07,-0.07,0.02,0.19,-8.06,-0.06,0.02,-1.29,-0.01,0.50,-8.06,-0.06,0.00,0.05,-0.01,0.13,0.13,-8.06,-0.31,-0.24,0.47,0.63,0.31,-0.06,0.03,-0.01,-0.01
13:55:56.530124,-0.50,0.00,0.19,-0.14,0.10,-1.29,43.44,-0.06,-0.06,0.13,-1.29,-0.01,0.50,-8.06,-0.06,-0.01,-0.05,-0.08,1.31,1.13,2.50,0.00,0.02,-0.01,-0.19,-0.06,-0.06,-0.38,-0.26,0.41,0.44,-0.06,-0.06,0.09,-1.29,-0.01
13:55:56.899858,-0.81,-0.13,0.06,-0.07,0.01,-1.29,-6.69,-0.06,-0.06,-0.13,-0.16,-0.02,0.75,-0.06,-0.06,-0.01,-0.05,-0.06,3.75,-8.06,-0.06,0.00,-0.01,-0.01,0.44,0.06,-0.06,-0.33,-0.34,0.42,0.50,2.19,-0.06,0.06,-1.29,-0.01
13:55:57.267734,0.38,0.25,0.13,-0.10,0.11,-0.01,-34.63,2.56,-10.94,-0.05,0.02,-1.29,1.56,-0.06,-0.06,0.00,0.01,-1.29,2041.38,-0.06,-0.06,0.07,-0.01,-0.01,0.88,0.06,-8.06,-0.38,-0.29,0.41,-1.31,-0.63,-0.13,0.10,0.00,0.03
13:55:57.634447,-0.19,0.13,-0.06,-0.09,0.06,-0.01,-0.56,1.63,0.50,-0.05,0.03,-0.01,-0.63,-0.13,0.00,-0.01,-0.04,-0.12,3.63,0.44,0.19,0.04,0.02,-1.29,0.25,-8.06,-0.06,-0.37,-0.27,0.43,-1.38,0.50,-0.06,-0.01,-0.08,0.07
13:55:57.999380,0.44,0.06,0.00,-0.11,0.10,-1.29,8.06,0.31,-8.06,-0.05,0.20,-0.01,0.06,0.25,-8.06,0.00,-0.01,-0.01,0.94,0.31,0.44,0.06,0.00,-0.01,0.81,-8.06,-0.06,-0.39,-0.27,0.39,-1.44,-0.69,-0.56,0.06,0.01,0.01
13:55:58.365636,0.06,0.13,0.38,-0.09,0.11,-1.29,-3.44,-0.19,1.31,-0.03,-0.04,-0.17,1.19,-8.06,-0.06,0.00,-0.01,-0.01,0.19,-8.06,-0.06,0.09,-0.01,-0.01,0.50,-8.06,-0.06,-0.38,-0.26,0.40,-0.06,0.50,-8.06,0.03,0.01,0.10
13:55:58.726252,0.31,0.19,0.13,-0.10,0.14,-0.01,1.69,7.75,4.56,-0.16,-0.04,-0.17,0.38,-8.06,-0.06,-0.01,-0.02,-0.09,1.19,0.56,0.50,0.02,-0.01,-0.01,-0.38,-0.13,0.13,-0.39,-0.26,0.38,0.31,-0.06,-0.06,0.02,0.00,0.05
13:55:59.087842,-0.13,-0.06,0.00,-0.10,0.07,-0.01,6.50,-0.06,-0.06,0.02,0.36,0.06,-0.19,-0.38,-0.13,0.00,-0.01,-0.01,0.13,-0.06,-0.06,0.12,0.02,-1.29,-1.44,0.44,0.19,-0.34,-0.22,0.42,2.50,1.38,-0.06,0.01,0.03,0.07
13:55:59.453814,0.25,0.06,0.06,-0.10,0.07,-0.01,7.19,0.69,-0.06,-0.09,0.05,-0.01,0.31,-0.06,-0.06,0.00,-0.01,-0.01,1.06,-0.06,-0.06,0.04,-1.29,-0.01,-0.13,-0.38,0.00,-0.40,-0.28,0.39,-1.25,-0.13,-0.06,0.04,-1.29,-0.01
13:55:59.825369,-0.31,0.00,0.44,-0.09,0.03,-1.29,2043.13,-0.06,-0.06,-0.10,-0.22,0.16,1.38,-8.06,-0.06,0.03,-0.01,-0.01,-1.00,-1.38,0.13,-0.04,-0.05,-0.03,1.25,0.50,0.38,-0.43,-0.27,0.37,-1.31,0.75,0.00,0.00,-1.29,-0.01
13:56:00.202103,6.69,1.25,-8.06,-0.17,0.15,-0.01,2040.06,-0.06,-0.06,-0.02,0.05,0.08,-0.88,3.56,-0.06,-0.01,-0.18,-0.11,-6.31,-0.06,-0.06,0.11,0.06,0.10,1.69,-8.06,-0.06,326.97,-0.01,-0.01,2042.06,-0.06,-0.06,-0.21,-0.18,0.02
13:56:00.571826,0.13,2.19,-0.06,0.01,-0.01,-0.01,-17.81,-2.63,16.50,-0.07,-0.04,-0.13,-0.81,-0.13,-1.06,0.07,-1.29,-0.01,-4.63,-0.06,-0.06,-0.05,0.03,-0.01,3.31,-0.06,-0.06,-0.14,-0.31,0.51,-7.13,-0.06,-0.06,0.38,0.27,-1.29
13:56:00.937210,1.63,1.38,0.00,-0.10,-0.02,-0.23,-2.69,-0.69,7.94,0.02,0.23,0.27,2.94,-0.06,-0.06,-0.03,-0.09,-0.09,2042.75,-0.06,-0.06,0.14,0.04,-0.01,4.81,-0.06,-0.06,-0.38,-0.32,0.45,-8.25,-2.50,-3.06,0.09,0.04,-0.01
13:56:01.302332,0.75,-8.06,-0.06,-0.10,0.09,-0.01,7.75,0.31,-0.06,-0.04,0.09,-0.01,0.00,0.88,-0.06,-0.01,-0.04,-0.08,0.69,2.38,-0.06,0.01,0.03,0.01,0.94,0.75,-8.06,-0.44,-0.24,0.39,-1.19,-0.31,-1.69,-0.07,-0.04,0.04
13:56:01.663593,-0.19,-0.19,0.44,-0.11,0.01,-1.29,-8.88,-0.63,1.63,-0.06,0.00,-0.01,1.25,-8.06,-0.06,0.00,0.02,-0.01,0.81,-0.06,-0.06,0.00,-1.29,-0.01,0.63,0.06,-8.06,-0.37,-0.23,0.40,-0.44,-0.56,0.63,0.04,0.05,0.09
13:56:02.035137,0.06,0.00,0.13,-0.13,0.07,-0.01,2.94,-0.06,-0.06,-0.15,-0.16,0.16,-0.38,-0.19,-0.19,-0.02,-0.01,-0.09,1.00,0.50,-8.06,-0.05,-0.05,-0.11,0.06,-0.06,-0.06,-0.40,-0.30,0.35,-0.75,-0.06,-0.81,0.01,-1.29,-0.01
13:56:02.402876,0.38,0.31,0.00,-0.13,0.05,-1.29,-8.06,-3.69,-5.81,-0.11,0.04,-0.01,-0.06,0.06,0.06,0.01,-1.29,-0.01,1.69,-8.06,-0.06,0.05,-1.29,-0.01,1.13,-0.06,-0.06,-0.41,-0.27,0.41,-0.38,0.63,-8.06,-0.07,-0.07,0.07
13:56:02.768493,-0.50,-0.25,0.31,-0.11,0.03,-1.29,4.06,3.38,-0.06,-0.12,0.15,0.20,0.75,-0.06,-0.06,0.01,0.00,-0.01,0.06,0.00,1.50,0.11,0.00,-0.01,0.19,-8.06,-0.06,-0.37,-0.22,0.34,2.31,-8.06,-0.06,-0.05,-0.06,0.04
13:56:03.137114,-0.56,-0.38,0.38,-0.12,0.02,-0.01,-10.38,-8.88,-6.19,0.12,0.00,-0.01,-0.06,-0.44,-0.06,0.06,0.08,-0.01,0.69,-8.06,-0.06,0.00,-1.29,-0.01,0.25,-8.06,-0.06,-0.37,-0.27,0.47,0.31,-8.06,-0.06,-0.03,-0.06,0.12
13:56:03.500695,0.13,-0.06,-0.06,-0.13,0.02,-0.01,-0.81,3.75,4.69,-0.06,0.06,-1.29,0.63,0.50,0.13,0.04,0.05,-1.29,1.00,-0.06,-0.06,0.05,-1.29,-0.01,-0.38,-0.19,1.38,-0.32,-0.21,0.46,0.50,0.44,0.94,0.00,-0.01,-0.01
13:56:03.868140,-0.56,0.13,-0.06,-0.14,0.05,-1.29,15.19,0.44,4.19,-0.05,-0.21,-0.10,-0.50,0.06,-8.06,0.06,0.01,-0.01,-5.69,-0.06,-0.06,0.00,-1.29,-0.01,-1.13,0.38,-8.06,-0.38,-0.27,0.41,3.25,-8.06,-0.06,0.02,0.01,-0.01
13:56:04.239402,-0.69,-0.63,0.06,-0.08,0.00,-1.29,2042.50,-0.06,-0.06,-0.07,0.00,-0.01,-0.63,0.44,0.06,0.10,0.03,-1.29,0.88,0.38,0.00,0.05,-0.01,-0.01,-1.00,-0.19,0.88,-0.36,-0.27,0.39,-0.88,0.44,-0.06,0.00,-0.01,-0.01
13:56:04.605183,-0.44,-0.13,0.13,-0.12,0.03,-1.29,0.44,1.38,0.19,-0.08,0.00,-0.01,-0.19,0.13,0.13,0.05,0.05,-1.29,2.13,-8.06,-0.06,0.06,0.00,0.00,-0.19,0.38,0.69,-0.40,-0.23,0.38,0.44,0.38,-8.06,-0.09,-0.01,0.04
13:56:04.975682,-0.06,0.13,-0.06,-0.10,0.04,-1.29,-0.94,-1.50,0.25,-0.08,0.04,-1.29,-0.31,-0.06,-0.38,0.06,0.03,-1.29,-0.56,0.81,-0.06,0.04,-1.29,-0.01,-0.94,0.13,-8.06,-0.39,-0.28,0.39,-0.88,-0.94,-0.06,0.01,-0.01,-0.01
13:56:05.337540,-0.19,-0.44,0.00,-0.10,0.03,-1.29,0.06,-8.06,-0.06,-0.06,0.08,-0.01,-0.75,0.88,0.06,0.07,0.04,-0.01,0.63,-0.06,-0.06,0.07,0.01,-0.01,-0.38,-0.25,0.56,-0.42,-0.28,0.36,0.44,0.31,-8.06,0.00,0.00,0.05
13:56:05.706083,-0.75,-0.38,-0.63,-0.09,-0.06,-0.25,-3.06,-0.31,1.06,-0.08,-0.06,-0.14,-1.13,1.13,-8.06,0.00,0.04,-1.29,0.13,0.31,0.06,0.10,-1.29,-0.01,-0.50,-0.44,-0.50,-0.42,-0.23,0.34,-1.31,-0.69,-0.88,-0.15,0.08,0.04
13:56:06.076767,8.38,51.38,-26.94,0.18,0.35,-0.01,-4.38,-0.06,-0.06,0.00,-0.01,-0.01,20.44,18.88,-0.06,0.41,0.57,-1.29,4.44,-0.06,-0.06,0.23,-0.01,-0.01,24.13,-10.63,-10.44,-0.36,-0.27,-0.09,5.75,5.44,3.25,-0.06,0.01,0.20
13:56:06.456236,2042.50,-0.06,-0.06,-2.65,2.00,-1.80,-7.63,-0.06,-0.06,-0.13,0.23,-1.29,-7.88,-0.06,-0.06,-1.42,0.10,-0.01,2043.75,-0.06,-0.06,0.14,-1.29,-0.01,-27.06,3.38,-0.06,326.83,-0.01,-0.01,2.69,-8.06,-0.06,-0.22,-0.02,0.33
13:56:06.820046,11.06,-8.06,-0.06,0.67,0.37,-0.01,-4.00,4.31,4.69,0.00,0.10,-0.01,20.38,-0.06,-0.06,0.87,0.12,0.03,0.31,-8.38,2.50,0.02,0.13,0.21,-8.25,-8.75,14.31,-0.04,-1.29,0.16,12.31,4.69,-8.06,-0.17,-0.10,0.31
13:56:07.185850,12.19,2035.69,-0.06,-0.39,-0.04,-0.24,-1.25,3.00,3.44,-0.06,0.01,-0.01,12.50,0.56,6.69,-0.15,0.37,-0.01,6.13,-8.06,-0.06,0.04,-1.29,-0.01,-5.00,-0.06,-0.06,-0.28,-0.01,0.37,3.38,2.50,6.44,0.13,0.00,0.09
13:56:07.545245,10.13,-0.06,-0.06,-0.14,0.09,-1.29,-3.88,1.75,3.69,-0.04,-0.01,-0.06,6.06,0.88,2.06,0.12,0.19,-0.01,4.56,-8.06,-0.06,0.11,0.03,-0.01,2.31,1.88,-0.06,-0.40,-0.19,0.42,2.31,1.56,1.38,0.00,0.07,0.06
13:56:07.910739,4.31,-8.06,-0.06,0.10,0.45,0.49,2041.81,-0.06,-0.06,-0.13,0.07,-1.29,-2.56,1.75,2.63,-0.03,0.68,0.35,0.19,0.25,0.19,0.03,-1.29,-0.01,-8.75,-9.81,-1.31,-0.29,-0.07,0.27,5.94,1.50,5.00,-0.03,-0.10,-0.01
13:56:08.281306,-0.88,2042.75,-0.06,-0.02,0.26,-1.29,-1.31,1.00,1.00,-0.12,0.01,-1.29,2033.25,-0.06,-0.06,0.27,-0.01,-0.01,1.88,0.19,0.50,0.01,-1.29,-0.01,4.31,0.00,-0.06,-0.31,-0.34,0.29,1.75,0.88,-8.06,-0.08,-0.03,0.02
13:56:08.644644,-32.25,-1.31,2.13,-0.40,0.48,-0.01,6.00,-0.06,-0.06,-0.03,0.00,-0.01,-6.69,-0.06,-0.06,0.44,0.24,-1.29,6.31,5.00,2.06,0.13,-0.01,-0.01,-7.69,-0.06,-0.06,-0.51,-0.34,0.43,8.63,0.13,3.38,-0.01,0.00,0.34
13:56:09.009294,-0.94,-8.63,3.44,-0.10,0.11,-0.01,18.56,-15.13,-0.06,0.16,0.33,0.01,11.56,1.81,-8.06,0.16,0.11,-1.29,11.69,-0.06,-0.06,0.04,0.13,0.04,11.25,0.06,-0.06,-0.27,-0.53,0.23,7.13,-8.06,-0.06,0.24,0.05,0.00
13:56:09.384998,2034.25,-0.06,-0.06,-0.16,0.00,-1.29,11.25,-13.06,-0.06,-0.02,-0.15,-0.13,3.88,1.00,-8.06,0.02,0.04,-1.29,11.19,-8.06,-0.06,0.00,0.14,-0.01,14.38,-8.06,-0.06,-0.32,-0.03,0.29,4.69,1.50,6.38,-0.09,-0.12,-0.09
13:56:09.761738,2041.00,-0.06,-0.06,-0.19,0.21,-1.29,3.19,-0.06,-0.06,-0.28,-0.04,-0.09,3.56,1.69,-0.06,0.02,-1.29,-0.01,-10.31,-2.50,-5.69,-0.11,0.09,-0.01,2042.75,-0.06,-0.06,327.00,-0.01,-0.01,-0.19,-3.31,3.81,0.22,0.22,0.12
13:56:10.129019,0.31,1.44,1.13,-0.07,0.21,-1.29,12.00,-8.06,-0.06,-0.04,-0.16,-0.10,1.56,-8.06,-0.06,0.16,0.02,0.04,3.00,0.38,-0.06,0.01,-1.29,-0.01,2041.69,-0.06,-0.06,-0.30,-0.15,0.56,2.19,2.50,1.44,0.05,-1.29,-0.01
13:56:10.503300,2043.75,-0.06,-0.06,0.01,-0.01,-0.01,2.94,-8.06,-0.06,-0.07,-0.06,0.00,-12.13,-0.06,-0.06,0.02,-0.01,-0.01,-3.50,-0.19,-0.06,0.03,-1.29,-0.01,-3.25,-3.69,2.25,-0.36,-0.15,0.33,-7.13,-0.06,-0.06,0.00,-1.29,-0.01
13:56:10.871349,12.31,-8.06,-0.06,-0.27,0.29,-0.01,-3.00,0.00,1.00,-0.07,-0.18,-0.09,12.25,-0.06,-0.06,0.18,0.11,-0.01,-2.00,0.06,0.13,-0.01,-0.04,-0.02,1.31,-0.06,-0.06,-0.15,-0.17,0.24,2.13,-0.06,-0.06,0.04,0.01,-1.29
13:56:11.242064,11.19,-0.06,-0.06,-0.02,0.20,-1.29,7.38,3.69,-8.06,-0.15,-0.21,-0.14,11.19,4.38,-0.06,0.20,-1.29,-0.01,1.63,-8.06,-0.06,-0.06,-0.18,0.08,14.13,4.75,-8.06,-0.45,-0.11,0.39,2.69,-0.06,-0.06,-0.08,0.07,0.18
13:56:11.609178,-48.56,-14.56,-0.06,0.00,-1.29,-0.01,-1.44,-2.38,0.00,-0.13,0.10,-0.01,6.63,-0.06,-0.06,-0.34,0.77,0.25,2.31,0.81,-8.06,-0.02,0.14,0.00,5.81,3.31,-8.06,-0.41,0.46,-0.01,2.25,0.56,2.25,-0.08,-0.27,0.02
13:56:11.977065,2041.94,-0.06,-0.06,0.58,-1.29,-0.01,7.75,1.94,-8.06,-0.03,0.45,-0.01,-10.75,9.38,20.81,0.72,-1.29,-0.01,1.94,0.19,0.19,0.16,0.15,-0.01,15.88,0.00,-8.06,0.29,-0.01,-0.01,2.19,-8.06,-0.06,0.00,0.03,0.00
13:56:12.347800,-1.44,0.19,-0.06,0.06,0.50,-1.29,2034.38,-0.06,-0.06,-0.03,-0.09,-0.08,-4.38,-0.06,-0.06,0.31,-1.29,-0.01,-2.50,1.31,1.00,0.03,0.11,-1.29,12.25,4.25,4.31,-0.41,-0.36,0.50,-1.38,-0.88,-0.75,-0.02,-0.10,-0.01
13:56:12.711614,2032.63,-0.06,-0.06,0.83,-1.29,-0.01,2.00,-0.06,-0.06,-0.01,0.01,-0.01,1.94,0.50,6.50,0.17,-0.01,-0.01,-0.56,0.44,0.31,0.09,0.00,-1.29,7.75,6.50,-0.06,-0.25,-0.20,0.37,1.06,0.56,-8.06,0.04,0.03,0.00
13:56:13.084245,-34.56,-9.38,38.19,-0.89,-0.01,-0.01,7.13,3.88,6.88,-0.07,-0.03,0.32,-34.69,9.63,-8.06,-0.01,-0.28,-0.57,2041.31,-0.06,-0.06,0.03,0.09,-1.29,8.88,3.19,-12.00,-0.33,0.00,0.26,0.44,-8.06,-0.06,0.12,0.05,0.00
13:56:13.452168,1.63,4.94,4.81,-0.39,0.11,0.05,-14.00,-0.06,-0.06,-0.09,0.03,-1.29,10.13,-0.06,-0.06,0.03,0.33,-1.29,12.13,0.94,0.31,0.05,0.20,-0.01,18.06,2.44,-12.13,-0.28,-0.02,0.19,2043.75,-0.06,-0.06,0.00,0.41,0.00
13:56:13.827794,0.63,-8.06,-0.06,-0.16,0.05,-0.01,10.56,-0.06,-0.06,-0.11,0.75,-1.29,-10.56,-6.81,-0.06,0.06,0.03,0.00,2040.00,-0.06,-0.06,-0.32,1.14,-1.29,2041.44,-0.06,-0.06,-0.15,-0.28,0.02,-3.50,-6.25,-0.06,-0.12,-0.20,-0.05
13:56:14.218037,2043.50,-0.06,-0.06,-0.06,-0.17,-0.53,2035.63,-0.06,-0.06,-0.37,-3.02,-0.23,2040.06,-0.06,-0.06,0.16,-1.29,-0.01,2035.88,-0.06,-0.06,-0.09,326.49,-0.01,2042.56,-0.06,-0.06,-0.16,0.06,0.29,10.38,-8.06,-0.06,0.00,-1.29,-0.01
13:56:14.586392,5.81,0.75,-8.06,-0.11,0.42,-1.29,-19.13,-9.19,-5.13,0.15,0.30,-1.29,1.31,-8.06,-0.06,0.13,0.15,0.18,12.81,18.94,-8.06,0.09,0.27,-1.29,2.81,-8.06,-0.06,-0.12,-0.14,0.53,-0.25,3.13,2.88,0.18,0.12,-0.01
13:56:14.949352,0.81,-8.06,-0.06,-0.12,0.09,-0.01,14.88,-8.06,-0.06,-0.47,0.53,-1.29,3.63,1.63,2.06,0.10,0.14,-1.29,8.13,2.81,-8.06,-0.11,0.17,-1.29,3.56,1.19,0.31,-0.14,0.07,0.18,4.69,2.06,4.06,0.00,-1.29,-0.01
13:56:15.312009,-0.38,0.31,0.25,-0.11,0.21,-0.01,11.06,-8.06,-0.06,-0.02,0.04,-1.29,3.56,0.88,0.63,0.03,0.08,0.04,-0.44,-0.13,-0.19,0.09,-1.29,-0.01,1.63,-0.06,-0.06,-0.18,0.05,0.24,0.19,1.88,1.75,0.01,-0.01,-0.01
13:56:15.679225,-0.38,-0.63,-0.25,-0.10,0.13,-0.01,-0.38,1.69,-8.06,-0.02,0.07,-0.01,-0.25,-1.13,-0.75,0.06,0.05,0.02,-0.31,-0.06,-0.69,0.06,-0.01,-0.01,-1.75,-0.81,0.13,-0.13,0.06,0.24,-0.06,0.25,0.75,0.04,0.16,0.00
13:56:16.042782,-0.94,0.31,-0.06,-0.03,0.06,-1.29,-2.00,0.31,0.00,-0.02,-0.03,-0.13,-0.56,0.31,0.06,0.09,-1.29,-0.01,-1.19,0.31,0.56,0.04,-1.29,-0.01,-0.56,-0.88,0.00,-0.12,-0.16,0.25,2.94,0.94,2.44,0.02,-0.01,-0.01
13:56:16.400145,0.63,1.06,0.19,-0.18,0.11,-0.01,0.75,-8.06,-0.06,-0.08,0.02,-1.29,4.50,2.13,0.63,0.04,0.10,-0.01,0.06,0.69,0.38,0.06,-0.01,-0.01,3.38,0.56,0.06,-0.22,-0.07,0.11,2.63,-8.06,-0.06,0.06,0.01,0.03
13:56:16.751672,1.44,0.75,0.25,-0.09,0.01,-1.29,1.38,0.56,1.19,-0.06,0.00,-1.29,-0.31,0.44,1.06,0.02,0.00,0.00,0.63,0.00,0.69,0.01,0.01,0.05,0.13,0.00,0.44,-0.19,-0.03,0.29,1.69,0.25,2.50,0.03,0.04,0.00
13:56:17.114872,-0.25,-0.31,0.25,-0.15,0.05,-1.29,-0.69,0.13,-0.06,-0.09,0.01,-0.01,0.56,0.13,0.38,0.01,0.12,0.00,-0.38,-0.06,-0.06,0.03,-1.29,-0.01,0.38,-8.06,-0.06,-0.22,-0.02,0.26,0.44,0.06,0.13,0.02,-1.29,-0.01
13:56:17.476106,1.00,0.06,0.31,-0.12,0.06,-0.01,0.81,0.44,0.44,-0.14,0.00,-0.01,-1.19,0.38,0.25,-0.02,0.08,0.00,-0.06,-0.19,1.06,0.01,-1.29,-0.01,0.81,-8.06,-0.06,-0.18,-0.03,0.23,-1.19,-0.13,-0.75,0.00,-1.29,-0.01
13:56:17.833935,0.00,0.13,0.13,-0.15,0.07,-1.29,1.44,0.00,0.19,-0.10,-0.01,-0.03,2.69,0.44,0.13,0.03,0.14,0.00,0.56,0.13,-8.06,0.03,-0.01,-0.01,1.38,-0.06,-0.06,-0.19,0.04,0.20,0.06,-8.06,-0.06,0.08,0.01,0.02
13:56:18.187621,1.13,0.44,-0.06,-0.07,0.07,-0.01,1.13,0.06,0.44,-0.07,0.08,0.00,-0.69,0.25,0.81,0.03,0.14,0.02,0.81,0.38,0.63,0.08,-1.29,-0.01,-0.06,-0.31,0.25,-0.13,0.08,0.21,0.50,0.50,0.69,0.01,0.00,-1.29
13:56:18.549396,0.50,0.13,0.31,-0.14,0.05,-0.01,-1.25,0.31,0.31,-0.03,-0.05,-0.12,-1.19,-0.19,-0.81,0.04,0.11,-1.29,-2.50,-0.19,1.44,0.24,-1.29,-0.01,0.81,0.13,0.19,-0.16,0.07,0.21,-3.25,0.25,-8.06,0.01,0.14,-1.29
13:56:18.911865,2.06,-8.06,-0.06,-0.16,0.14,-0.01,1.25,0.63,0.13,-0.08,0.03,-0.01,-2.19,-0.56,0.94,0.06,0.42,-1.29,-1.19,0.31,0.94,0.10,0.10,-1.29,-4.19,-0.06,-0.06,-0.12,0.41,0.17,-5.63,-0.06,-0.06,-0.09,0.06,-0.01
13:56:19.270396,1.19,0.63,-8.06,-0.11,0.17,-0.01,2.06,0.19,-0.06,-0.10,0.14,-0.01,0.25,0.25,-0.06,0.07,0.13,0.00,0.19,0.00,-0.06,0.10,-0.01,-0.01,-1.69,-0.06,0.00,-0.18,-0.07,0.22,1.38,0.25,-8.06,0.08,-1.29,-0.01
13:56:19.633233,-3.38,-0.56,0.19,0.00,0.00,-0.01,-1.81,-0.69,0.63,-0.05,0.00,-0.01,-1.94,0.56,1.00,0.08,0.23,0.00,0.44,-0.06,-0.06,0.28,-1.29,-0.01,-0.13,-0.44,-0.13,-0.15,0.03,0.26,0.38,-8.06,-0.06,0.06,0.09,-0.01
13:56:19.996061,0.25,-8.06,-0.06,-0.13,0.19,-0.01,-0.06,-0.19,-0.13,-0.05,0.00,-1.29,0.50,-0.06,-0.06,0.03,0.04,0.00,-1.00,0.44,-0.06,0.18,-1.29,-0.01,0.50,-0.06,-0.06,-0.18,0.03,0.26,0.19,-8.06,-0.06,0.06,0.04,0.03
13:56:20.361171,-0.44,0.13,-0.06,-0.11,0.10,-1.29,-0.44,-0.13,-0.13,-0.10,-0.02,-0.07,0.56,0.13,-0.06,0.02,0.05,0.00,-0.63,0.00,0.06,0.10,-0.01,-0.01,0.81,-8.06,-0.06,-0.19,-0.01,0.25,0.19,0.13,0.06,0.04,-0.01,-0.01
13:56:20.722468,-0.88,0.81,0.38,-0.01,-0.05,-0.15,-1.38,-0.38,1.06,-0.11,-0.01,0.01,0.00,-8.06,-0.06,0.06,0.04,0.05,0.38,0.94,-0.06,-0.08,-0.02,0.09,-0.06,-0.56,0.31,-0.14,-0.08,0.28,0.13,0.06,0.56,0.10,0.00,0.00
13:56:21.088777,-0.44,-0.13,-0.06,-0.04,0.07,-0.01,2.06,-0.06,-0.06,-0.12,0.07,-1.29,-1.06,-0.19,-0.56,0.07,0.07,0.01,0.81,0.19,-8.06,0.03,-1.29,-0.01,0.75,-0.06,-0.06,-0.08,0.03,0.25,-0.44,-0.19,-0.19,0.08,-1.29,-0.01
13:56:21.445593,0.69,0.06,-8.06,-0.13,0.13,-0.01,2.44,0.19,-0.06,-0.09,0.08,0.00,-0.88,0.31,0.00,0.04,0.11,0.00,0.56,0.06,0.50,0.14,-1.29,-0.01,-0.44,-0.25,0.00,-0.16,-0.03,0.20,1.56,0.00,0.38,0.09,0.03,0.05
13:56:21.804625,-0.69,0.44,-0.06,0.00,-0.01,-0.01,-1.69,-0.75,0.44,-0.06,-0.06,-0.23,0.50,0.31,-8.06,0.08,0.11,0.02,1.38,0.19,-8.06,-0.02,0.06,0.00,0.69,0.25,-8.06,-0.13,0.03,0.20,1.94,-8.06,-0.06,0.05,0.01,0.05
13:56:22.167876,0.06,0.19,0.81,-0.09,0.11,-0.01,0.81,-11.69,-4.25,-0.16,0.00,-1.29,1.63,1.00,1.31,0.06,0.20,-0.01,3.06,-0.06,-0.06,-0.01,-0.02,0.02,3.44,-0.06,-0.06,-0.11,0.02,0.24,1.44,-0.06,-0.06,0.02,-1.29,-0.01
13:56:22.534231,-0.88,0.00,-8.06,-0.06,0.00,-1.29,-6.06,-0.06,-0.06,-0.01,-0.21,-0.06,0.25,0.75,0.25,0.05,0.00,-1.29,2043.75,-0.06,-0.06,0.03,-1.29,-0.01,1.00,-0.06,-0.06,-0.12,-0.12,0.18,0.13,0.63,0.94,0.09,0.01,0.06
13:56:22.906923,-0.94,0.13,-8.06,-0.14,0.04,-1.29,-1.50,0.44,-0.06,-0.10,-0.03,-0.08,-1.81,-0.44,-1.19,0.02,0.03,0.02,-0.50,0.50,-8.06,0.01,-1.29,-0.01,-1.69,0.06,-8.06,-0.19,-0.07,0.29,-0.38,-0.13,-0.38,0.04,-0.01,-0.01
13:56:23.269432,0.94,0.13,0.56,-0.08,0.06,-1.29,-1.19,-0.38,0.50,-0.12,-0.04,-0.06,0.81,0.25,0.25,0.05,0.12,0.00,-1.44,-0.19,-0.25,-0.02,-0.05,0.06,0.69,0.00,0.25,-0.16,0.06,0.27,-2.00,0.00,-0.06,-0.01,-0.06,0.03
13:56:23.631918,0.19,0.06,-0.06,-0.07,0.01,-0.01,0.19,0.56,-8.06,-0.05,-0.01,-0.02,0.00,0.50,-8.06,0.05,0.03,-1.29,0.00,0.06,0.13,0.07,-1.29,-0.01,-0.19,-0.25,0.19,-0.15,-0.06,0.17,-1.00,0.00,-8.06,0.09,-1.29,-0.01
13:56:24.006159,-34.81,-10.25,3.69,-0.51,0.67,0.62,0.88,0.25,-8.06,-0.09,-0.07,-0.11,-4.88,-0.06,-0.06,-0.15,0.59,0.28,2.81,-8.06,-0.06,0.02,-1.29,-0.01,2040.81,-0.06,-0.06,-0.53,-0.32,0.58,1.31,1.19,1.81,0.00,-1.29,-0.01
13:56:24.383168,2042.25,-0.06,-0.06,326.74,-0.01,-0.01,0.50,1.25,1.00,-0.04,0.06,-0.01,2035.94,-0.06,-0.06,326.70,-0.01,-0.01,2.50,0.38,1.25,0.14,0.01,-0.01,-7.44,-0.06,-0.06,327.01,-0.01,-0.01,-2.56,1.88,-8.06,0.20,0.28,-1.29
13:56:24.757848,-18.94,83.06,-8.06,325.71,-0.01,-0.01,-2.13,0.06,-0.06,-0.13,-0.09,-0.05,54.19,-8.06,-0.06,-0.17,1.53,-1.29,-3.44,-0.81,-1.00,-0.02,-0.03,0.01,11.06,-8.06,-0.06,-0.11,0.37,0.10,11.81,-0.06,-0.06,0.06,0.15,0.04
13:56:25.128899,17.00,-8.06,-0.06,-0.27,0.49,0.44,-3.25,-0.06,-1.38,-0.15,-0.06,-0.05,33.19,2.13,-8.06,0.11,0.00,0.27,-2.94,0.13,-0.06,-0.05,-0.07,0.03,51.94,-8.06,-0.06,-0.25,-0.55,0.42,0.94,-8.06,-0.06,0.03,-0.01,-0.01
13:56:25.499301,-8.19,-0.13,2042.69,-0.09,0.25,-1.29,-0.06,-0.38,1.00,-0.10,0.11,-0.01,-4.19,-0.06,-0.06,0.12,-1.29,-0.01,2.00,-0.06,-0.06,0.00,-0.01,-0.01,4.88,-8.06,-0.06,-0.14,0.04,0.14,2.00,0.75,1.38,0.07,-0.01,-0.01
13:56:25.872147,-0.31,0.56,1.31,-0.01,0.08,-1.29,-2.56,0.44,1.38,-0.08,-0.05,-0.07,2043.19,-0.06,-0.06,0.07,0.01,0.16,-2.00,0.06,0.25,0.03,-1.29,-0.01,-4.56,-0.06,-0.06,-0.26,-0.27,0.43,-0.50,-0.75,-2.13,0.02,-1.29,-0.01
13:56:26.238761,6.69,1.13,0.06,-0.11,0.37,-0.01,2041.88,-0.06,-0.06,-0.02,-0.05,-0.07,5.75,1.75,1.81,0.09,0.20,0.10,0.06,0.69,-8.06,0.00,-0.01,-0.01,1.56,-8.06,-0.06,-0.13,0.16,0.43,0.50,-8.06,-0.06,-0.05,-0.04,0.02
13:56:26.598503,-2.00,-0.50,-3.13,0.12,0.37,-1.29,6.19,-0.06,-0.06,-0.08,0.18,-0.01,4.38,-8.06,-0.06,0.29,0.04,0.10,5.94,0.94,2.63,0.05,-0.01,-0.01,4.38,-8.06,-0.06,0.00,-1.29,-0.01,1.88,0.88,2.75,0.07,0.12,0.01
13:56:26.970979,2040.50,-0.06,-0.06,0.03,-1.29,-0.01,4.94,4.13,0.88,-0.16,0.22,-1.29,-5.44,-0.06,-0.06,0.09,0.13,0.00,-3.94,-0.19,-0.75,-0.03,0.03,0.00,2043.00,-0.06,-0.06,-0.10,0.21,0.20,-2.06,-1.13,-0.88,0.04,-1.29,-0.01
13:56:27.338245,3.00,-0.06,-0.06,-0.05,0.17,-1.29,2.69,0.13,-0.06,-0.08,0.00,-0.01,2043.81,-0.06,-0.06,0.06,-1.29,-0.01,0.94,0.56,-8.06,0.01,-1.29,-0.01,1.38,1.06,-8.06,-0.19,0.00,0.32,-0.44,-0.38,0.06,0.02,-1.29,-0.01
13:56:27.703094,1.31,0.00,0.50,-0.06,0.11,-0.01,18.63,-8.06,-0.06,0.01,0.29,-1.29,-1.13,-0.19,0.25,0.08,0.07,0.01,0.75,-0.06,-0.06,0.01,-1.29,-0.01,0.31,-8.06,-0.06,-0.15,0.03,0.26,1.56,0.13,0.25,0.02,-1.29,-0.01
13:56:28.071866,1.69,-8.06,-0.06,-0.08,0.18,-0.01,13.56,-0.06,-0.06,-0.11,-0.02,-0.06,-1.44,-0.13,-0.31,0.07,0.04,0.01,1.00,1.63,-8.06,-0.04,-0.12,0.03,-0.50,0.13,0.00,-0.19,-0.08,0.22,-0.25,-0.50,0.38,-0.02,-0.03,0.04
13:56:28.443774,-1.19,-0.44,0.63,-0.06,0.05,-1.29,-15.81,-0.06,-0.06,0.13,-0.01,-0.01,-2.69,-0.75,0.06,0.05,-0.01,-0.01,-4.00,2.31,-8.06,0.01,-0.01,-0.01,0.19,-0.06,-0.06,-0.18,0.01,0.24,-0.81,-0.56,-2.31,0.22,0.02,-1.29
13:56:28.808670,-1.81,-0.25,0.69,-0.04,0.03,-1.29,-9.00,0.56,4.00,0.07,-0.01,-0.01,-0.44,-0.75,0.13,0.06,0.06,0.02,2043.81,-0.06,-0.06,0.07,-0.01,-0.01,-0.69,0.25,0.00,-0.18,-0.06,0.25,0.00,0.31,0.06,0.09,0.00,-1.29
13:56:29.174994,2041.94,-0.06,-0.06,-0.03,-0.27,-0.40,0.63,2.31,-0.06,0.02,0.01,-1.29,-4.00,-1.06,0.75,0.03,0.06,-1.29,9.81,-8.06,-0.06,0.00,-0.01,-0.01,-1.25,-0.19,-0.50,-0.20,0.11,0.19,0.88,-0.06,-0.06,0.05,-1.29,-0.01
13:56:29.535495,13.31,-0.06,-0.06,0.04,0.29,-0.01,13.63,4.00,0.19,0.00,-0.01,-0.01,-2.94,-0.88,2.69,0.15,0.01,0.07,-1.25,0.50,1.13,0.01,-1.29,-0.01,2.44,-8.06,-0.06,-0.17,0.01,0.18,-1.81,1.44,0.44,0.06,0.01,0.02
13:56:29.898480,2.63,-0.06,-0.06,-0.07,0.01,-1.29,10.50,-10.06,7.00,-0.20,0.47,-1.29,-2.25,1.06,0.94,0.07,0.07,0.03,3.19,0.50,0.81,0.00,0.27,-1.29,1.69,0.06,-0.06,-0.22,0.03,0.32,4.63,-8.06,-0.06,0.06,-1.29,-0.01
13:56:30.268260,4.75,-8.06,-0.06,-0.11,-0.13,-0.28,1.13,4.75,1.94,-0.03,0.08,-0.01,2042.50,-0.06,-0.06,0.05,0.08,-1.29,-0.13,-0.56,1.63,0.03,-0.01,-0.01,-5.00,-0.06,-0.06,-0.16,0.13,0.16,-1.00,0.81,-8.06,0.10,-1.29,-0.01
13:56:30.636160,-9.94,2.38,-0.06,-0.08,-0.02,-0.16,-0.88,-1.44,0.88,-0.04,-0.10,-0.06,-7.44,-0.06,-0.06,0.10,0.08,0.02,1.63,1.00,-0.06,0.00,-0.01,-0.01,-5.63,-0.06,-0.06,-0.16,-0.02,0.34,1.56,0.06,-0.06,0.02,0.00,0.05
13:56:31.009975,-3.75,0.31,0.94,-0.14,-0.02,-0.28,-9.44,12.06,-0.06,0.25,-1.29,-0.01,-0.56,-1.44,-0.69,0.04,0.13,-1.29,-9.19,-1.38,0.81,0.06,-0.01,-0.01,-1.19,0.50,-8.06,-0.18,-0.03,0.24,2041.38,-0.06,-0.06,0.08,-1.29,-0.01
13:56:31.373012,-0.63,1.56,-8.06,-0.11,0.01,-1.29,-2.19,4.25,2.81,-0.02,0.01,-1.29,5.50,-8.06,-0.06,0.23,0.20,-1.29,-2.88,0.00,0.69,0.05,0.00,-1.29,6.31,-8.06,-0.06,-0.09,0.17,0.18,-1.31,-0.69,-2.13,0.04,0.00,0.03
13:56:31.746836,59.13,-0.06,-0.06,0.18,-0.01,-0.01,-3.44,0.31,-0.06,0.00,-1.29,-0.01,71.81,23.94,2032.44,0.09,-0.01,-0.01,-1.31,-0.38,-1.94,0.00,-1.29,-0.01,-9.38,-14.38,-0.06,-0.38,0.08,1.04,7.06,-8.06,-0.06,0.08,-0.01,-0.01
13:56:32.119662,3.44,4.56,-8.06,-0.06,0.18,-1.29,-0.19,0.06,-8.06,-0.09,0.00,-0.01,2040.38,-0.06,-0.06,0.14,-0.01,-0.01,-1.31,0.00,-8.06,0.03,-1.29,-0.01,19.50,-0.06,-0.06,-0.15,-0.21,-0.12,-4.13,-0.06,-0.06,0.02,-1.29,-0.01
13:56:32.491599,-11.44,-4.31,-0.06,0.07,-0.01,-0.01,-1.50,1.50,-0.06,-0.01,-0.01,-0.06,2043.63,-0.06,-0.06,0.23,-1.29,-0.01,0.13,-8.06,-0.06,0.08,-0.01,-0.01,-6.19,-0.06,-0.06,-0.09,-0.29,0.78,-0.06,1.50,1.06,0.10,-1.29,-0.01
13:56:32.849221,4.63,-0.06,-0.06,-0.30,0.08,0.38,0.00,0.63,1.94,-0.07,-0.06,-0.09,1.13,0.38,3.31,0.12,0.00,0.04,1.06,-0.06,-0.06,0.01,-0.01,-0.01,2.81,0.44,0.88,-0.15,-0.16,0.32,-0.19,0.13,1.31,0.01,0.00,0.03
13:56:33.209866,5.13,-8.06,-0.06,-0.16,0.11,-1.29,0.81,0.06,-8.06,-0.09,0.00,-0.01,1.44,1.06,2.63,0.08,0.39,-1.29,0.94,0.25,-8.06,0.04,-1.29,-0.01,2.88,0.38,-8.06,-0.13,-0.01,0.23,0.31,0.50,0.81,0.06,-0.01,-0.01
13:56:33.569883,4.75,-8.06,-0.06,-0.07,0.02,-1.29,0.25,0.13,0.56,-0.08,0.00,-1.29,-1.13,1.31,1.50,0.09,0.23,0.03,0.38,0.00,0.19,0.05,-0.01,-0.01,2.81,-8.06,-0.06,-0.16,-0.05,0.24,0.31,0.38,-8.06,0.06,0.02,0.00
13:56:33.937022,-2.25,-0.88,1.38,-0.11,-0.02,-0.16,-0.50,0.50,-8.06,-0.10,-0.02,-0.05,1.81,-0.06,-0.06,0.07,0.16,-0.01,1.06,0.13,-8.06,0.05,-1.29,-0.01,-3.25,0.31,0.38,-0.10,0.02,0.22,1.63,1.75,1.13,0.04,-0.01,-0.01
13:56:34.304223,0.75,0.00,0.81,-0.13,0.02,-0.01,-0.75,-0.06,-0.13,-0.13,-0.07,-0.06,2043.63,-0.06,-0.06,0.08,0.00,-1.29,-1.31,0.19,-0.06,0.01,-0.01,-0.01,6.13,-8.06,-0.06,-0.17,-0.08,0.19,-3.75,0.69,0.06,-0.04,-0.11,-0.01
13:56:34.666024,-3.56,-0.81,1.50,-0.06,0.02,-1.29,-0.44,0.00,0.69,-0.11,-0.01,-0.07,0.75,-8.06,-0.06,0.12,0.12,0.00,0.63,-0.06,-0.06,0.05,-0.01,-0.01,0.19,0.44,0.00,-0.06,-0.08,0.21,2.56,0.00,2.00,0.03,-1.29,-0.01
13:56:35.037846,-5.13,-0.06,-0.06,-0.04,-0.02,-0.25,-2.00,-0.38,-0.38,-0.07,-0.07,-0.07,-3.13,-1.38,-0.56,0.16,0.15,0.02,-1.75,-0.63,0.44,0.06,-0.01,-0.01,-4.88,-0.06,-0.06,-0.08,-0.02,0.27,4.94,-8.06,-0.06,0.11,-0.01,-0.01
13:56:35.400740,1.13,-8.06,-0.06,-0.13,0.00,-1.29,-0.75,-0.75,1.75,-0.07,-0.03,-0.08,3.25,0.19,1.56,0.00,0.13,0.01,0.88,-0.06,-0.06,0.06,-1.29,-0.01,0.56,0.88,0.31,-0.21,0.02,0.23,-2.75,0.00,0.56,-0.01,-0.02,0.01
13:56:35.769170,-2.63,-0.19,0.06,-0.11,0.00,-0.01,1.94,-0.06,-0.06,-0.09,0.09,-1.29,-3.94,-0.56,-0.94,0.05,0.11,-1.29,-2.56,-0.75,-1.19,0.07,-1.29,-0.01,-0.50,0.13,-8.06,-0.12,0.03,0.16,-0.69,-0.06,-0.50,0.05,-1.29,-0.01
13:56:36.130823,-0.50,-0.31,0.88,-0.13,-0.06,-0.19,0.19,0.81,0.63,-0.06,-0.01,-0.08,-0.25,0.69,0.69,0.02,0.05,0.00,0.56,0.06,0.31,0.08,-0.01,-0.01,-1.13,-0.06,-0.31,-0.20,-0.08,0.28,-0.44,0.56,0.13,0.09,-1.29,-0.01
13:56:36.497514,-0.50,-0.19,-0.25,-0.09,0.02,-1.29,0.44,0.06,0.25,-0.12,-0.03,-0.06,-1.00,0.13,-0.06,0.04,-1.29,-0.01,-0.19,-0.38,-0.13,0.00,-1.29,-0.01,-0.31,0.31,0.00,-0.19,-0.14,0.18,-0.38,0.06,-0.06,0.04,-1.29,-0.01
13:56:36.864464,-0.25,0.44,0.25,-0.11,-0.02,-0.18,0.56,0.31,-0.06,-0.10,0.01,-1.29,0.06,-8.06,-0.06,0.01,-1.29,-0.01,1.19,0.19,-8.06,0.09,-1.29,-0.01,-1.38,-0.31,-0.50,-0.21,-0.20,0.27,0.13,0.38,0.81,0.11,-1.29,-0.01
13:56:37.226492,0.44,0.00,-8.06,-0.12,0.01,-0.01,-0.44,0.13,0.00,-0.10,0.00,-1.29,1.38,-8.06,-0.06,0.03,-1.29,-0.01,0.50,0.25,-8.06,0.04,-1.29,-0.01,-0.69,0.56,0.00,-0.21,-0.14,0.23,1.94,0.19,1.06,0.04,-1.29,-0.01
13:56:37.582852,2.50,0.31,1.06,-0.20,-0.04,-0.19,3.13,0.88,1.19,-0.11,0.31,-0.01,1.63,-8.06,-0.06,-0.09,0.20,-1.29,1.56,0.81,3.50,0.21,-0.01,-0.01,2.44,1.81,6.25,-0.24,-0.06,0.03,0.13,3.19,0.44,0.09,0.44,0.15
13:56:37.949459,7.56,0.25,-8.06,-0.04,-0.20,-0.30,17.94,-8.06,-0.06,-0.14,-0.03,0.10,6.00,0.94,3.88,0.12,0.19,0.16,4.31,-8.06,-0.06,0.16,0.31,0.09,-24.38,-0.88,-6.38,-0.29,-0.61,0.52,-18.25,8.25,-8.06,-0.07,0.60,0.00
13:56:38.317666,1.50,0.81,-0.06,-0.09,0.03,-1.29,-0.69,0.44,-8.06,-0.13,0.02,-1.29,2040.06,-0.06,-0.06,0.09,0.10,0.00,0.25,-8.06,-0.06,0.02,-1.29,-0.01,2.88,1.44,-8.06,-0.16,-0.14,0.22,9.81,-8.06,-0.06,0.11,-1.29,-0.01
13:56:38.678833,-1.63,-1.06,1.06,-0.13,0.02,-0.01,2.25,0.00,0.50,-0.09,0.02,-1.29,-0.19,0.75,0.81,0.02,0.14,0.00,0.50,-0.06,-0.06,0.04,0.00,0.02,0.44,0.00,0.56,-0.17,-0.06,0.28,1.19,0.50,-8.06,-0.01,0.01,-1.29
13:56:39.053057,-0.13,0.50,0.06,-0.20,0.08,-0.01,-0.31,-0.25,-0.88,-0.07,0.01,-1.29,-2.81,0.06,-8.06,-0.01,0.00,-1.29,-1.56,-0.06,-1.88,0.07,-1.29,-0.01,-1.81,-0.06,-1.13,-0.22,-0.16,0.12,-1.94,-0.06,-2.19,0.15,-0.01,-0.01
13:56:39.415943,1.19,0.25,0.13,-0.12,0.04,-0.01,-0.38,-0.19,0.81,-0.09,-0.01,-0.09,1.25,0.06,0.31,0.03,0.10,-0.01,-1.19,-0.19,0.56,0.04,-1.29,-0.01,1.13,0.06,0.38,-0.13,-0.03,0.24,-1.13,-0.38,-1.19,0.02,-0.01,-0.01
13:56:39.784841,0.44,-0.06,-0.06,-0.18,-0.07,-0.18,0.94,0.25,-8.06,-0.08,0.03,-0.01,0.81,-8.06,-0.06,0.00,0.11,-0.01,1.13,-0.06,-0.06,0.04,-1.29,-0.01,-6.63,-0.06,-0.06,-0.17,-0.05,0.25,-1.13,0.81,-8.06,0.07,-1.29,-0.01
13:56:40.151287,2.44,0.06,0.19,-0.13,0.00,-1.29,-2.88,0.25,1.81,-0.09,-0.06,-0.10,1.13,2.31,-0.06,0.00,0.10,-1.29,2042.81,-0.06,-0.06,0.02,-1.29,-0.01,5.38,0.88,0.50,-0.22,0.16,0.06,0.56,-0.06,-0.06,-0.04,0.09,0.06
13:56:40.507119,2.75,0.38,-0.06,-0.11,0.10,-0.01,1.13,0.00,-0.06,-0.04,0.01,-1.29,0.06,0.38,-8.06,0.07,0.11,0.00,0.75,0.38,-8.06,0.12,-1.29,-0.01,-1.56,0.25,0.13,-0.20,0.00,0.29,1.25,0.00,-8.06,0.16,0.01,0.07
13:56:40.877223,-3.00,-0.44,-0.13,-0.13,-0.01,-0.21,0.06,-8.06,-0.06,-0.12,0.05,-0.01,-1.19,-0.06,0.06,0.05,0.02,0.01,-0.19,-0.19,-0.13,0.09,-1.29,-0.01,0.88,-0.06,-0.06,-0.16,-0.11,0.30,1.19,0.38,0.56,0.07,-1.29,-0.01
13:56:41.237597,0.56,-0.06,-0.06,-0.14,0.02,-0.01,-1.56,0.44,0.94,-0.08,0.00,-0.01,1.00,0.69,0.13,0.01,0.17,0.02,0.31,-8.06,-0.06,0.07,-1.29,-0.01,1.13,-8.06,-0.06,-0.22,-0.05,0.24,1.25,0.31,1.19,0.07,0.03,0.09
13:56:41.601141,1.25,0.13,-0.06,-0.15,0.03,-0.01,-0.63,0.31,0.19,-0.08,0.04,-0.01,0.06,-0.06,-0.06,0.02,0.23,0.00,0.13,0.06,-0.06,0.11,-1.29,-0.01,-0.13,-0.13,-0.44,-0.15,-0.05,0.25,-0.31,-0.25,-0.69,0.06,0.02,0.07
13:56:41.970309,0.31,0.13,-0.06,-0.12,0.06,-0.01,-1.06,-0.06,0.63,-0.09,-0.01,-0.07,-0.75,-0.13,-0.44,0.04,0.06,0.05,0.56,0.19,0.38,0.09,-0.01,-0.01,1.50,-8.06,-0.06,-0.16,-0.10,0.26,0.88,-8.06,-0.06,0.07,-0.01,-0.01
13:56:42.338175,1.31,0.00,-8.06,-0.12,0.00,-1.29,-0.25,-0.13,0.56,-0.09,-0.01,-0.08,-0.19,0.56,-8.06,0.04,0.08,-1.29,-0.50,-0.06,0.38,0.09,-0.01,-0.01,0.94,-8.06,-0.06,-0.12,-0.09,0.27,0.94,0.00,0.88,0.08,-1.29,-0.01
13:56:42.698919,0.25,0.06,0.19,-0.10,0.00,-1.29,0.31,0.13,-0.06,-0.08,-0.02,-0.07,0.63,0.00,0.06,0.03,0.14,0.02,0.25,0.13,-8.06,0.09,-1.29,-0.01,-0.13,0.19,-8.06,-0.17,-0.09,0.31,1.19,-8.06,-0.06,0.12,0.00,0.08
13:56:43.063632,-0.81,0.00,0.06,-0.12,0.06,-0.01,0.13,-8.06,-0.06,-0.10,-0.02,-0.07,-0.31,0.38,-8.06,0.01,0.09,-0.01,-0.88,0.13,0.06,0.08,-0.01,-0.01,0.13,-0.06,-0.06,-0.12,-0.08,0.22,0.00,0.50,0.31,0.10,-1.29,-0.01
13:56:43.427064,0.06,0.13,0.00,-0.17,0.02,-1.29,-1.06,0.31,0.63,-0.08,0.00,-1.29,-0.38,0.44,0.00,-0.02,0.07,-1.29,0.38,0.00,0.06,0.07,-1.29,-0.01,0.69,-8.06,-0.06,-0.20,-0.09,0.26,0.69,-8.06,-0.06,0.09,0.04,0.06
13:56:43.792075,0.44,-8.06,-0.06,-0.19,0.00,-0.01,0.50,-0.06,-0.06,-0.11,0.10,-0.01,1.38,1.50,-8.06,-0.01,0.23,-1.29,-1.06,-0.25,1.25,0.09,0.02,-1.29,0.94,0.31,-8.06,-0.17,0.00,0.25,-5.81,-0.06,-0.06,0.09,0.03,0.05
13:56:44.158441,-1.81,-0.25,-0.06,-0.12,-0.04,-0.15,2041.81,-0.06,-0.06,-0.04,-0.04,-0.05,-0.94,-1.00,0.19,0.00,0.01,0.00,0.63,0.06,0.31,0.10,-1.29,-0.01,-0.56,-0.88,0.00,-0.18,-0.15,0.26,0.56,-8.06,-0.06,0.09,0.05,0.09
13:56:44.521137,1.13,0.00,0.13,-0.12,0.01,-0.01,2.38,0.06,-0.06,-0.08,0.04,-1.29,1.56,-8.06,-0.06,0.08,0.12,0.06,0.69,-8.06,-0.06,0.06,-1.29,-0.01,0.56,0.13,-8.06,-0.12,-0.10,0.36,-0.81,-0.69,0.63,0.07,0.04,0.06
13:56:44.886446,0.31,-0.06,-0.06,-0.14,-0.04,-0.14,2.88,-0.06,-0.06,-0.15,-0.06,-0.11,-3.75,2.38,0.75,-0.05,0.14,-1.29,1.13,1.00,1.31,0.06,0.12,-1.29,1.44,0.13,0.50,-0.15,0.06,0.03,-2.50,-0.38,-1.94,-0.05,0.05,0.02
13:56:45.257765,-2.63,-0.38,-0.31,-0.15,-0.02,-0.14,-3.38,0.44,-0.06,-0.02,-0.09,-0.07,-4.38,-0.06,-0.06,-0.03,0.00,-1.29,0.00,0.63,-8.06,0.11,-0.01,-0.01,-2.31,-1.00,-1.50,-0.19,-0.07,0.17,-2.38,2.81,-0.06,-0.03,0.12,0.10
13:56:45.617899,0.38,0.06,0.50,-0.16,0.05,-1.29,-4.13,-0.06,-0.06,-0.10,0.00,-1.29,1.13,0.00,0.38,0.03,0.11,0.02,-0.38,-0.75,0.19,0.07,-0.01,-0.01,0.75,-0.06,-0.06,-0.15,-0.13,0.22,1.00,1.13,0.13,0.11,-1.29,-0.01
13:56:45.975893,-0.63,0.00,-0.06,-0.16,0.03,-0.01,2.00,-0.06,-0.06,-0.10,0.09,-0.01,-1.06,0.69,-8.06,0.02,0.06,0.01,1.56,0.44,-0.06,0.09,0.02,0.04,-0.25,-0.69,0.13,-0.16,-0.05,0.23,1.00,1.00,0.69,0.00,0.06,0.03
13:56:46.343978,-1.56,0.38,-8.06,-0.13,0.00,-0.01,-2.31,-0.06,-0.63,-0.04,-0.05,-0.07,-1.38,-0.44,-0.63,0.03,0.07,0.00,1.00,4.06,-0.06,0.05,-0.01,-0.01,-1.38,-0.88,-1.25,-0.14,-0.08,0.25,-1.38,-0.88,2.81,0.21,0.04,0.03
13:56:46.709810,-1.38,-0.75,0.00,-0.09,0.00,-0.01,5.19,-8.06,-0.06,-0.13,0.06,-1.29,0.13,-0.06,-0.06,0.11,0.11,0.05,-0.44,-1.25,0.56,0.02,-0.01,-0.01,1.25,-8.06,-0.06,-0.12,-0.13,0.35,1.75,0.19,0.56,0.21,-1.29,-0.01
13:56:47.080282,-3.56,0.06,-0.06,-0.28,-0.06,-0.12,2041.00,-0.06,-0.06,0.00,0.16,-0.01,-2.38,-2.69,0.00,-0.14,0.09,-1.29,-2.56,-1.63,0.25,0.11,0.06,-1.29,-1.38,-1.13,-2.00,-0.09,0.29,0.00,-3.88,2.69,-8.06,0.20,-1.29,-0.01
13:56:47.450844,-1.13,-0.13,0.56,-0.08,-0.08,-0.20,2034.06,-0.06,-0.06,0.06,-1.29,-0.01,1.31,-0.06,-0.06,0.08,0.00,0.03,1.38,-0.06,-0.06,0.26,-1.29,-0.01,1.00,-8.06,-0.06,-0.14,-0.19,0.36,6.56,-8.06,-0.06,0.02,-1.29,-0.01
13:56:47.819601,0.13,-0.06,-0.06,-0.13,-0.02,-0.16,2041.94,-0.06,-0.06,0.07,-1.29,-0.01,0.25,-0.06,-0.06,0.04,0.01,0.01,1.63,0.75,0.81,0.05,-1.29,-0.01,-0.44,0.13,0.19,-0.16,-0.04,0.23,-2.19,1.00,-0.06,0.04,-1.29,-0.01
13:56:48.189144,-0.56,-0.19,0.31,-0.10,-0.04,-0.16,2040.56,-0.06,-0.06,-0.09,0.14,-1.29,-0.19,0.06,0.00,0.04,0.09,0.03,5.06,1.75,0.00,0.20,-1.29,-0.01,0.63,-8.06,-0.06,-0.16,-0.08,0.30,4.88,-0.06,-0.06,0.19,-0.01,-0.01
13:56:48.553550,1.25,0.50,-0.06,-0.14,0.09,-1.29,2035.75,-0.06,-0.06,-0.06,-0.20,-0.04,-0.13,-0.06,-0.44,0.06,0.10,0.05,0.75,-0.06,-0.06,0.15,-1.29,-0.01,0.06,0.31,0.44,-0.18,-0.06,0.22,2.75,2.50,1.00,0.01,-1.29,-0.01
13:56:48.919705,0.50,0.19,0.06,-0.13,0.00,-1.29,0.38,0.63,-0.06,-0.12,0.14,-1.29,0.44,-8.06,-0.06,0.04,0.04,-1.29,3.75,-8.06,-0.06,0.09,0.01,0.04,-0.06,0.00,-8.06,-0.14,-0.12,0.27,3.38,-0.06,-0.06,0.04,-1.29,-0.01
13:56:49.279829,-0.19,-0.38,0.63,-0.15,-0.01,-0.21,-0.25,1.19,-12.69,-0.03,0.08,-1.29,-0.31,0.25,0.13,0.03,0.15,0.00,1.13,0.25,0.00,0.11,-1.29,-0.01,0.94,0.00,0.06,-0.18,-0.05,0.32,0.94,-8.06,-0.06,0.05,0.01,0.04
13:56:49.649047,1.38,0.13,-0.06,-0.14,0.03,-0.01,2040.94,-0.06,-0.06,0.09,-0.01,-0.01,0.63,-8.06,-0.06,0.06,0.18,-0.01,2043.63,-0.06,-0.06,0.06,-1.29,-0.01,0.50,-8.06,-0.06,-0.15,0.00,0.28,0.13,0.00,-8.06,0.02,-1.29,-0.01
13:56:50.008040,0.94,0.13,0.38,-0.14,-0.07,-0.17,2.38,-8.06,-0.06,-0.07,0.03,-0.01,1.25,0.50,0.13,0.02,0.07,0.04,0.13,0.25,0.38,0.00,-1.29,-0.01,0.88,0.13,0.13,-0.17,-0.07,0.23,1.63,-8.06,-0.06,0.06,-0.01,-0.01
13:56:50.374470,-2.69,-0.19,-0.63,-0.12,-0.03,-0.17,1.88,-0.06,-0.06,0.00,0.01,-0.01,2042.75,-0.06,-0.06,0.00,0.03,0.07,1.13,0.81,-8.06,0.09,-1.29,-0.01,-1.31,0.00,-0.06,-0.22,-0.23,0.31,4.94,-0.06,-0.06,0.09,0.06,0.08
13:56:50.736208,-1.56,-0.56,0.38,-0.08,-0.04,-0.21,-2.56,0.00,-8.06,-0.03,0.00,-1.29,-0.81,0.50,-0.06,0.05,0.04,0.00,-1.56,0.31,0.31,0.04,-1.29,-0.01,1.25,-0.06,-0.06,-0.16,-0.10,0.22,0.75,-8.06,-0.06,0.02,0.00,0.08
13:56:51.101594,3.13,0.06,0.88,-0.08,-0.17,0.12,0.44,-8.06,-0.06,-0.12,-0.05,-0.09,-6.63,-0.06,-0.06,0.00,0.11,-0.01,-0.88,2.13,-8.06,-0.12,0.16,-0.01,2.13,0.63,0.81,-0.05,0.40,-1.29,2035.06,-0.06,-0.06,-0.01,0.04,-1.29
13:56:51.478876,-4.38,-0.06,-0.06,-0.13,0.00,-0.01,2042.69,-0.06,-0.06,-0.09,-0.22,0.10,-6.25,-0.06,-0.06,-0.01,-0.08,0.00,2.38,-0.06,-0.06,-0.14,-0.06,0.00,-5.50,-0.06,-0.06,-0.22,-0.19,0.18,-1.56,-0.50,-3.81,0.00,-0.01,-0.01
13:56:51.842338,0.31,-8.06,-0.06,-0.11,-0.01,-0.18,-0.75,4.25,1.81,-0.04,-0.02,-0.06,0.88,0.44,0.38,0.03,0.05,-1.29,-1.69,-0.13,0.31,0.02,-0.01,-0.01,-0.31,-0.13,0.38,-0.14,-0.05,0.20,-2.75,0.44,-8.06,0.03,0.00,0.00
13:56:52.206003,0.06,-8.06,-0.06,-0.10,0.02,-0.01,0.56,0.88,-0.06,-0.06,-0.04,-0.15,-0.13,0.00,-0.06,0.06,0.04,0.00,0.13,-8.06,-0.06,0.03,-1.29,-0.01,-0.81,-0.19,-0.63,-0.15,-0.06,0.25,-0.81,1.13,0.63,0.05,-0.01,-0.01
13:56:52.570942,-0.69,0.31,0.19,-0.10,-0.02,-0.16,-1.31,-0.31,0.19,-0.09,0.02,-1.29,-1.13,0.56,-0.06,0.01,0.07,0.00,0.06,0.31,-0.06,0.02,-1.29,-0.01,-2.75,0.06,-8.06,-0.15,-0.05,0.21,-0.06,3.25,0.94,0.06,-1.29,-0.01
13:56:52.937779,0.00,-8.06,-0.06,-0.07,-0.01,-0.20,-1.38,0.19,0.56,-0.11,-0.04,-0.10,0.13,-8.06,-0.06,0.05,0.05,0.01,-0.25,-0.69,0.13,0.00,-0.01,-0.01,1.00,-0.06,-0.06,-0.16,-0.17,0.26,-1.63,0.25,0.38,0.13,-1.29,-0.01
13:56:53.300577,0.00,0.00,-0.06,-0.09,0.02,-0.01,0.38,0.00,0.31,-0.04,0.02,-1.29,-0.25,-0.13,0.06,0.03,0.10,0.00,-0.38,-0.06,0.31,0.06,-0.01,-0.01,1.44,-0.06,-0.06,-0.14,-0.07,0.19,-0.06,-0.50,1.00,0.10,-1.29,-0.01
13:56:53.665307,-1.19,-0.44,-0.06,-0.05,-0.05,-0.22,1.69,-8.06,-0.06,0.00,0.05,-1.29,-2.63,1.19,-0.06,0.10,0.07,0.07,4.44,-0.06,-0.06,0.15,-1.29,-0.01,2.13,-8.06,-0.06,-0.13,-0.22,0.34,6.06,1.00,2.63,0.22,-0.01,-0.01
13:56:54.023796,-1.19,-1.56,0.63,-0.13,0.04,-1.29,0.06,-8.06,-0.06,0.12,-1.29,-0.01,1.25,0.06,1.63,0.03,0.17,0.00,-2.25,-0.50,3.50,0.11,0.02,0.00,2.31,0.31,1.38,-0.18,0.04,0.17,4.31,-0.06,-0.06,0.00,0.12,-1.29
13:56:54.391214,0.44,0.19,-8.06,-0.11,0.00,-1.29,-3.88,2.50,1.56,-0.01,-0.18,-0.19,-1.19,0.44,-0.06,0.05,-0.01,-0.01,2.38,-0.06,-0.06,0.10,-1.29,-0.01,-0.94,-0.56,0.00,-0.16,-0.12,0.12,2.56,-8.06,-0.06,0.04,0.09,0.00
13:56:54.758577,16.69,-8.06,-0.06,-0.11,-0.03,-0.21,16.75,3.50,-0.06,-0.24,0.33,-1.29,-1.88,1.69,-8.06,0.05,0.05,0.06,11.00,-0.06,-0.06,-0.04,0.04,0.00,1.31,-0.06,-0.06,-0.17,-0.11,0.29,5.88,-8.06,-0.06,0.03,0.02,0.02
13:56:55.130697,-9.38,4.88,-0.06,-0.15,0.46,-0.01,2042.31,-0.06,-0.06,-0.06,-0.13,-0.04,19.88,-0.06,-0.06,-0.04,0.05,0.28,0.88,3.06,3.19,-0.15,0.00,0.14,26.94,0.00,-8.06,-0.55,326.96,-0.01,10.50,-0.06,-0.06,-0.29,0.12,0.17
13:56:55.506232,0.88,3.06,-8.06,-0.14,0.20,-0.01,0.81,-8.06,-0.06,-0.08,-0.09,-0.07,-2.81,-2.00,2043.94,0.07,0.34,0.04,-3.00,-2.38,2040.63,-0.04,-0.30,-0.10,-7.88,-0.06,-0.06,-0.20,-0.08,0.19,0.44,-0.06,-0.06,0.36,0.00,0.02
13:56:55.876813,-3.94,-1.63,0.56,-0.16,0.11,-1.29,7.13,-0.06,-0.06,-0.05,-0.03,-0.08,-2.81,-1.63,-0.75,0.06,0.07,0.06,1.75,-8.06,-0.06,-0.03,-0.05,0.01,-4.31,-0.06,-0.06,-0.16,-0.24,0.44,-1.94,1.88,-8.06,0.03,-1.29,-0.01
13:56:56.237615,1.38,0.00,0.13,-0.17,0.15,-1.29,1.56,0.00,0.25,-0.05,0.09,-0.01,-0.31,0.06,0.31,0.00,0.22,0.05,-0.44,-0.31,0.44,0.09,0.03,-0.01,-2.69,-0.19,0.13,-0.20,-0.06,0.18,0.19,0.69,-8.06,0.00,0.05,0.03
13:56:56.601478,1.25,-8.06,-0.06,-0.04,0.07,-1.29,0.75,-0.06,-0.06,-0.04,0.38,0.11,-0.38,-0.56,-0.88,0.10,0.01,0.14,3.81,1.94,6.00,0.03,0.05,0.02,-1.38,0.94,1.31,-0.15,-0.14,0.27,5.56,-8.06,-0.06,0.04,0.29,-1.29
13:56:56.973593,1.69,1.06,-0.06,-0.13,0.13,-1.29,2032.94,-0.06,-0.06,-0.51,0.57,0.05,-3.31,-0.94,-3.06,0.06,0.06,0.02,2035.25,-0.06,-0.06,-0.20,0.17,-1.29,-0.31,0.19,0.63,-0.19,-0.24,0.28,4.06,-0.06,-0.06,-0.09,-0.11,0.16
13:56:57.336223,-2.56,0.25,-8.06,-0.21,0.07,-1.29,19.44,0.00,-0.06,0.03,0.30,0.13,-2.44,-0.31,0.13,0.00,0.20,-1.29,9.44,-8.06,-0.06,0.07,0.29,-0.01,-3.25,-0.63,-1.81,-0.18,0.04,0.02,4.25,2.63,4.00,0.10,-1.29,-0.01
13:56:57.708203,-0.06,0.06,0.63,-0.16,-0.06,-0.23,22.75,-0.06,-0.06,-0.01,-0.47,-0.12,-0.31,-0.19,1.50,-0.02,-0.06,-0.13,1.38,1.19,2.81,-0.12,-0.18,0.03,-0.19,-0.75,0.06,-0.22,-0.15,0.20,4.00,-8.06,-0.06,0.00,-1.29,-0.01
13:56:58.077916,1.81,0.25,-8.06,-0.18,0.09,-1.29,4.75,0.94,-0.06,-0.05,-0.07,-0.12,0.06,-8.06,-0.06,0.02,0.06,-1.29,2043.56,-0.06,-0.06,0.00,-1.29,-0.01,-0.31,-0.31,0.25,-0.20,0.00,0.24,-1.94,1.50,-0.06,-0.02,0.00,0.00
13:56:58.447257,-1.75,-0.81,-0.44,-0.03,-0.01,-0.20,-8.75,2.94,-0.06,-0.06,0.15,-0.01,-0.56,-1.50,-0.38,0.16,0.00,0.10,-2.44,-0.31,-0.50,0.06,0.02,-1.29,-1.56,-0.50,-0.81,-0.13,-0.16,0.37,2042.50,-0.06,-0.06,0.00,-1.29,-0.01
13:56:58.808931,-2.06,0.44,0.94,-0.03,-0.03,-0.26,-2.31,-2.31,-0.81,-0.02,-0.02,-0.15,-1.00,-0.63,-0.31,0.20,-0.01,-0.01,4.94,0.13,0.13,0.08,-1.29,-0.01,-0.75,0.63,1.44,-0.05,-0.16,0.30,2.19,0.56,0.13,0.06,0.00,0.02
13:56:59.169377,2.88,0.50,-0.06,-0.19,0.25,-1.29,-1.94,0.63,2.88,0.05,0.04,-0.01,1.81,3.88,0.44,0.03,-0.01,-0.01,-0.56,2.44,3.81,0.16,-1.29,-0.01,-1.69,4.63,7.94,-0.55,-0.49,0.71,0.75,-8.06,-0.06,0.00,-1.29,-0.01
13:56:59.543283,0.19,-0.06,-0.06,-0.12,-0.09,-0.20,1.69,4.06,-0.06,-0.15,0.22,-1.29,2042.69,-0.06,-0.06,0.10,-1.29,-0.01,2.06,-0.06,-0.06,0.39,0.44,0.13,2042.31,-0.06,-0.06,-0.20,-0.05,0.43,1.56,-9.69,-11.00,0.03,-0.01,-0.01
13:56:59.918204,4.13,-8.06,-0.06,-0.17,-0.01,-0.06,1.13,-26.06,20.75,326.49,-0.01,-0.01,10.44,7.56,-0.06,0.08,0.30,-1.29,10.38,-8.06,-0.06,-0.05,0.41,-1.29,2042.44,-0.06,-0.06,-0.38,-0.06,0.20,8.13,5.13,-13.31,0.02,0.08,-0.01
13:57:00.293200,7.31,1.69,2.31,-0.05,0.22,-1.29,-26.88,23.00,5.75,-0.38,0.23,-0.01,5.31,-8.06,-0.06,0.10,0.32,0.01,-3.44,2042.38,-0.06,-0.03,-0.06,0.00,-13.06,-0.06,-0.06,-0.13,0.12,0.54,2042.63,-0.06,-0.06,-0.52,0.03,-1.29
13:57:00.661661,0.50,0.88,-0.06,-0.17,0.16,-1.29,-1.44,-1.38,2.00,-0.07,-0.26,-0.25,4.44,-0.06,-0.06,0.02,0.01,0.06,-11.56,2.69,-8.06,0.00,-0.01,-0.01,10.75,-0.06,-0.06,-0.20,-0.13,0.44,-3.13,-4.81,-0.06,-0.02,-0.02,-0.18
13:57:01.035402,1.81,0.31,1.44,-0.31,0.07,-0.01,16.81,-8.06,-0.06,0.12,-1.29,-0.01,-4.75,-0.06,-0.06,-0.11,0.15,0.02,2040.00,-0.06,-0.06,0.23,-1.29,-0.01,2042.81,-0.06,-0.06,-0.41,-0.20,0.12,2042.81,-0.06,-0.06,0.02,0.23,0.01
13:57:01.408512,-3.31,-1.31,-0.56,-0.20,0.15,-0.01,10.75,1.44,-9.75,0.20,0.06,-0.01,-16.63,-1.06,-3.88,0.02,0.24,-0.01,-4.44,-0.06,-0.06,-0.01,0.01,-0.01,-2.00,8.44,0.94,-0.18,-0.21,-0.07,-8.50,-2.38,-19.50,0.19,0.15,-0.01
13:57:01.784877,2043.63,-0.06,-0.06,-0.30,0.09,-0.01,-1.88,-2.75,-2.06,-0.09,-0.01,-0.17,2042.00,-0.06,-0.06,-0.04,-0.12,-0.04,4.00,4.19,-8.06,0.02,-1.29,-0.01,-8.69,-1.63,4.31,-0.49,-0.30,0.29,-7.56,-0.06,-0.06,0.13,-0.01,-0.01
13:57:02.142797,1.06,1.31,-0.06,-0.15,0.00,-0.01,1.13,1.69,1.31,0.00,0.13,-1.29,11.31,0.25,-0.06,0.07,0.47,-1.29,2.06,0.44,0.56,0.11,0.07,0.00,9.63,-8.06,-0.06,-0.08,0.18,0.13,4.69,0.25,-8.06,-0.09,0.21,0.00
13:57:02.505845,5.69,4.38,-8.06,-0.21,0.29,-1.29,0.94,-8.06,-0.06,0.09,0.04,-1.29,3.88,-8.06,-0.06,0.02,0.45,0.13,3.94,5.63,-0.06,0.21,-0.01,-0.01,3.25,-8.06,-0.06,-0.31,0.00,0.27,5.19,-8.88,19.69,0.06,0.11,-0.01
13:57:02.877990,-3.88,2.13,-8.06,-0.14,-0.02,-0.16,20.75,-11.94,-16.06,-0.16,0.37,-0.01,0.44,-8.06,-0.06,0.12,0.09,-0.01,5.44,-8.06,-0.06,0.04,-0.01,-0.01,6.31,-0.06,-0.06,-0.22,-0.12,0.20,5.75,1.19,-8.06,0.13,0.10,-1.29
13:57:03.243162,3.44,3.50,0.44,-0.17,0.25,-1.29,4.88,4.56,-8.06,0.05,-0.01,-0.01,2.56,1.94,-0.06,0.07,0.12,-0.01,10.13,-8.06,-0.06,0.12,-1.29,-0.01,4.63,-0.06,-0.06,-0.32,0.08,0.15,-11.94,2.38,17.56,0.21,0.18,0.06
13:57:03.606730,-2.69,-0.25,0.31,-0.14,-0.10,-0.16,6.63,-0.06,-0.06,-0.06,-0.06,-0.12,-1.00,1.31,-0.06,0.02,0.04,-1.29,3.38,-8.06,-0.06,-0.10,-0.05,0.07,2.19,-8.06,-0.06,-0.19,0.11,0.03,6.63,0.50,1.06,-0.12,0.07,0.01
13:57:03.967239,2.50,0.75,0.31,-0.18,0.20,-1.29,7.06,-0.06,-0.06,-0.09,0.05,-1.29,1.06,1.38,1.19,0.04,0.16,-1.29,8.06,-8.06,-0.06,0.07,0.01,-0.01,4.25,0.31,1.56,-0.21,-0.05,0.19,10.44,2.56,2.38,0.05,-0.01,-0.01
13:57:04.332928,0.00,-8.06,-0.06,-0.15,0.06,-0.01,2040.44,-0.06,-0.06,-0.09,0.13,-0.01,2.06,-8.06,-0.06,0.09,0.07,0.07,-1.13,-1.38,1.75,-0.07,0.07,-0.01,0.06,0.06,1.25,-0.20,-0.01,0.28,4.25,0.19,3.69,-0.05,-0.01,0.00
13:57:04.700773,3.31,1.44,-8.06,-0.06,0.02,-1.29,26.50,2.75,22.31,-0.04,0.00,0.01,-3.00,-0.69,-3.38,0.08,-0.01,-0.01,-1.25,-0.50,-0.31,0.02,-1.29,-0.01,0.81,1.25,0.56,-0.09,0.12,0.35,4.63,-0.06,-0.06,0.04,-1.29,-0.01
13:57:05.070405,-3.13,-0.38,1.19,-0.10,-0.01,-0.21,-4.06,-0.06,-0.06,-0.09,-0.13,-0.06,-3.25,-1.31,-0.56,0.08,0.14,-0.01,-3.19,-1.25,1.81,-0.02,-0.03,0.06,-3.31,0.25,-0.06,-0.12,-0.02,0.18,0.31,0.06,-8.06,0.02,0.00,-1.29
13:57:05.436460,-2.50,2.44,-0.06,-0.06,-0.16,-0.32,6.13,-0.06,-0.06,-0.24,-0.07,0.08,2043.44,-0.06,-0.06,0.19,0.28,0.04,7.31,0.50,1.19,-0.16,-0.10,0.00,-9.50,3.44,-8.06,0.03,0.11,0.34,0.81,-0.06,-0.06,-0.17,-0.03,-0.09
13:57:05.814493,5.69,-8.06,-0.06,0.00,-1.29,-0.01,5.06,2034.00,-0.06,-0.37,-0.66,-0.01,6.56,-0.06,-0.06,0.10,0.68,-0.01,2042.94,-0.06,-0.06,-0.05,-0.21,-0.20,-10.94,-4.75,-0.06,0.28,0.37,-0.01,2034.63,-0.06,-0.06,-0.21,0.04,0.07
13:57:06.189689,16.88,-0.06,-0.06,-0.45,0.41,0.02,-2.94,0.88,-0.06,-0.03,0.12,-1.29,13.75,-8.06,-0.06,-0.09,0.84,-1.29,-11.31,-3.88,-2.88,0.08,-1.29,-0.01,6.63,18.75,4.56,-0.21,-0.60,0.59,2043.56,-0.06,-0.06,0.33,0.05,-1.29
13:57:06.551404,-5.25,-0.06,-0.06,-0.17,-0.25,-0.18,1.00,0.50,-8.06,0.01,0.07,-1.29,25.69,4.38,-0.06,0.05,0.05,0.17,0.75,-8.06,-0.06,0.10,0.04,0.04,43.44,2.25,-8.06,-0.50,0.17,0.21,-1.06,1.50,-8.06,-0.05,0.05,0.02
13:57:06.914423,4.06,-0.06,-0.06,-0.31,0.00,-1.29,-1.31,0.25,-8.06,-0.03,0.06,-1.29,2.69,4.88,0.94,-0.17,0.27,-1.29,0.69,-0.06,-0.06,0.01,0.08,-1.29,5.94,-0.06,-0.06,-0.29,-0.16,0.11,0.88,3.63,1.44,-0.12,-0.31,-0.05
13:57:07.278652,3.13,-8.06,-0.06,-0.04,0.16,-0.01,-0.31,0.38,2.31,-0.08,-0.02,-0.09,3.31,2.13,-8.06,0.07,0.10,-1.29,0.00,-8.06,-0.06,0.02,-1.29,-0.01,8.06,-8.06,-0.06,-0.11,0.00,0.07,-1.94,0.69,-8.06,-0.05,-0.07,-0.05
13:57:07.643969,-2.50,-0.19,1.25,-0.05,0.04,-0.01,0.75,0.00,-8.06,-0.05,0.05,-1.29,-0.75,-0.75,0.75,0.10,0.03,0.00,0.13,-8.06,-0.06,0.04,-0.01,-0.01,-2.00,-0.63,-0.50,-0.17,-0.16,0.27,-0.44,0.75,-0.06,0.03,-0.01,-0.01
13:57:08.005825,1.81,0.63,-8.06,-0.08,0.21,-1.29,-0.25,0.38,-0.06,-0.02,0.09,-1.29,2.00,-8.06,-0.06,0.07,0.13,0.00,0.44,0.19,-8.06,0.06,0.02,-0.01,0.06,-0.06,-0.06,-0.19,-0.08,0.26,0.13,0.94,-0.06,0.00,0.03,0.00
13:57:08.373397,-1.13,-0.75,-0.13,-0.06,0.14,-0.01,-0.56,-0.19,-0.06,-0.05,0.08,-0.01,0.63,-8.06,-0.06,0.07,0.17,0.01,-0.31,-0.06,0.06,0.06,-1.29,-0.01,-2.00,0.44,0.31,-0.19,-0.09,0.29,1.25,0.25,-8.06,0.05,-1.29,-0.01
13:57:08.739639,1.13,-0.06,-0.06,-0.07,0.12,-0.01,1.00,-0.06,-0.06,-0.09,0.03,-1.29,-0.88,7.50,4.88,0.07,0.07,0.01,-6.56,-0.06,-0.06,0.01,-1.29,-0.01,12.00,-0.06,-0.06,-0.28,-0.26,0.07,-6.38,-0.06,-0.06,0.08,-1.29,-0.01
13:57:09.110184,0.50,0.31,-0.06,-0.14,0.05,-1.29,1.13,-8.06,-0.06,-0.08,0.08,0.00,-1.63,-0.50,-1.63,0.04,0.26,0.00,2.25,2.31,-8.06,0.05,0.00,0.12,-0.44,-1.56,2042.63,-0.20,-0.12,0.44,-8.81,-0.63,2041.94,0.12,-1.29,-0.01
13:57:09.474115,3.25,-0.06,-0.06,-0.06,0.11,-1.29,15.31,7.38,0.75,-0.05,-0.01,-0.06,4.19,0.00,1.56,0.09,0.06,0.02,-1.00,-1.44,0.88,0.00,-1.29,-0.01,1.06,-0.06,-0.06,-0.20,-0.09,0.28,0.19,1.38,-8.06,-0.01,-0.06,0.01
13:57:09.845856,-8.13,7.75,0.94,-0.14,-0.12,-0.18,-2.19,1.25,-0.06,-0.11,-0.04,-0.05,-2.25,-0.13,-0.31,0.18,0.01,0.03,-2.69,-1.13,-1.31,0.02,-1.29,-0.01,-1.94,-1.13,-1.81,-0.08,-0.11,0.39,5.25,0.25,2.56,-0.04,-0.12,0.04
13:57:10.207851,1.31,-8.06,-0.06,-0.16,0.07,-0.01,-0.44,0.50,1.50,-0.07,-0.04,-0.06,1.69,0.63,0.31,0.04,0.16,0.00,0.94,-8.06,-0.06,0.01,0.01,0.03,1.50,0.31,0.44,-0.19,-0.04,0.25,0.63,-8.06,-0.06,0.00,-1.29,-0.01
13:57:10.564637,2.13,0.25,0.44,-0.10,0.04,-0.01,-1.06,1.31,2.50,-0.09,0.01,-1.29,-0.06,1.31,-0.06,0.07,0.07,-1.29,1.13,-8.06,-0.06,0.04,0.00,0.00,0.56,0.56,0.50,-0.15,-0.03,0.23,3.63,0.13,0.81,0.01,0.00,0.03
13:57:10.931010,-0.06,0.25,0.06,-0.10,0.08,-0.01,23.81,-8.06,-0.06,-0.02,0.17,-0.01,-1.06,0.69,-0.06,0.05,0.10,-0.01,-0.25,-1.94,-0.69,0.06,-1.29,-0.01,-0.50,0.00,0.00,-0.16,-0.02,0.20,2.38,0.00,0.06,0.01,-0.01,-0.01
13:57:11.297102,-0.25,-0.31,0.94,-0.12,-0.02,-0.18,-7.56,-0.06,-0.06,-0.04,0.00,-0.01,2.63,-8.06,-0.06,0.05,0.08,0.00,2.06,0.38,0.00,0.05,0.01,-1.29,0.63,0.00,-0.06,-0.21,-0.09,0.24,0.19,-8.06,-0.06,0.07,0.02,-0.01
13:57:11.656306,0.13,0.00,0.31,-0.12,0.01,-1.29,-8.06,-2.50,0.56,-0.16,-0.32,-0.26,-1.81,0.50,0.81,0.07,0.09,0.01,1.38,-0.06,-0.06,0.00,0.00,0.00,-1.31,0.00,0.56,-0.23,-0.06,0.30,0.19,1.06,0.81,0.00,-0.01,-0.01
13:57:12.018003,0.63,-0.06,-0.06,-0.12,0.07,-0.01,-2.94,2.50,-0.06,-0.07,-0.01,0.00,0.13,-8.06,-0.06,0.08,0.17,0.03,5.63,1.88,-8.06,0.06,0.04,0.00,1.38,-0.06,-0.06,-0.21,0.00,0.33,0.13,-0.06,-0.06,0.01,0.05,-1.29
13:57:12.384932,1.06,-0.06,-0.06,-0.15,0.13,-0.01,-50.31,-32.63,2034.31,0.11,0.00,-0.01,1.75,0.38,0.63,0.03,0.02,0.08,-1.81,4.38,0.44,0.22,-1.29,-0.01,-2.88,-1.63,-0.31,-0.35,-0.16,0.31,0.56,1.69,3.38,0.08,-1.29,-0.01
13:57:12.755345,3.75,-0.06,-0.06,-0.06,0.09,-0.01,8.44,4.75,-8.06,-0.37,-0.01,-0.02,8.88,-8.06,-0.06,0.04,-1.29,-0.01,5.56,-8.06,-0.06,-0.23,-0.16,0.07,0.94,-0.06,-0.06,-0.20,-0.21,0.15,17.00,-8.06,-0.06,-0.02,-0.47,0.17
13:57:13.124097,-4.25,-0.06,-0.06,-0.18,-0.05,-0.23,-0.31,1.38,1.19,-0.21,0.02,0.00,-11.00,3.63,-8.06,-0.07,-0.13,0.03,1.13,-8.06,-0.06,-0.12,0.09,0.02,1.75,0.06,2.00,-0.39,-0.16,0.16,-4.50,-0.06,-0.06,-0.23,-0.36,0.01
13:57:13.492085,-0.69,0.81,-8.06,-0.07,0.00,-0.01,-1.50,-0.25,-0.81,-0.11,-0.05,-0.06,-2.25,0.06,-8.06,0.05,0.16,-1.29,-2.31,-0.50,-0.94,-0.05,-0.09,-0.02,1.56,0.38,-8.06,-0.09,-0.03,0.22,-0.50,-0.13,-1.88,0.04,-1.29,-0.01
13:57:13.856233,-0.38,-0.31,0.81,-0.03,0.04,-1.29,-3.44,0.44,-0.06,-0.09,-0.10,-0.05,2.50,-0.06,-0.06,0.11,0.07,0.07,2.50,0.69,-0.06,-0.04,-0.11,-0.01,-4.19,-0.06,-0.06,-0.09,0.03,0.34,3.81,1.56,4.25,-0.05,-0.21,-0.04
13:57:14.227842,-0.69,0.19,-0.06,-0.13,0.08,-1.29,-0.50,-1.50,0.00,-0.06,0.01,-1.29,-2.00,0.06,-8.06,0.00,0.15,-0.01,-2.94,-0.25,-0.81,0.00,-1.29,-0.01,-0.19,0.13,-8.06,-0.16,-0.01,0.26,-0.19,-0.88,-1.94,0.06,0.10,-0.01
13:57:14.594798,0.00,-8.06,-0.06,0.02,0.12,-0.01,-1.88,-1.19,-0.31,-0.04,0.04,-0.01,3.88,-8.06,-0.06,0.12,0.19,0.02,0.25,-0.06,-0.06,0.01,0.01,-1.29,-1.13,0.44,-0.06,-0.05,-0.06,0.29,3.81,0.69,0.94,0.10,-1.29,-0.01
13:57:14.955360,0.75,0.56,0.19,-0.11,0.03,-0.01,-1.19,2.00,1.19,-0.01,0.00,-0.01,2.63,1.81,0.50,-0.03,0.07,0.12,0.13,-8.06,-0.06,0.07,-1.29,-0.01,5.00,1.56,3.81,-0.23,-0.17,0.43,-0.94,0.38,3.63,0.23,-1.29,-0.01
13:57:15.328415,-2.94,-0.13,-1.50,-0.09,0.02,-1.29,-2.63,1.75,-8.06,-0.15,-0.06,-0.06,-6.56,-0.06,-0.06,0.06,0.04,0.09,-0.75,0.06,-0.06,-0.04,-0.08,0.00,2041.50,-0.06,-0.06,-0.18,-0.33,0.53,13.00,-0.06,-0.06,-0.08,0.15,0.06
13:57:15.692610,4.75,0.56,-0.06,0.04,0.19,-1.29,-3.25,-1.63,-0.13,-0.12,-0.02,-0.04,-1.56,1.38,0.69,0.13,0.15,0.03,-1.38,0.50,-0.06,-0.09,-0.11,-0.02,0.56,0.94,-0.06,0.08,-1.29,-0.01,1.75,-0.06,-0.06,0.05,-1.29,-0.01
13:57:16.055283,1.94,0.13,-8.06,-0.09,0.07,-1.29,2.44,0.75,-8.06,0.02,0.12,-1.29,0.13,1.13,0.25,0.18,0.00,0.16,-0.06,-1.13,1.69,0.10,-0.01,-0.01,2040.00,-0.06,-0.06,-0.15,-0.56,0.60,6.31,2.50,0.31,0.05,0.28,0.24
13:57:16.422048,0.63,0.13,-0.06,-0.06,0.07,-0.01,21.69,0.94,-8.06,-0.02,0.11,-1.29,-0.13,0.69,-8.06,0.03,0.15,-1.29,-3.75,-0.56,3.63,0.06,-1.29,-0.01,4.69,-8.06,-0.06,-0.16,-0.03,0.17,0.38,-0.06,-0.06,-0.03,-0.02,0.04
13:57:16.786098,0.75,-8.06,-0.06,-0.08,0.03,-0.01,-2.69,-0.38,0.75,-0.07,0.02,-0.01,0.50,-8.06,-0.06,0.03,0.02,0.07,0.81,0.25,0.63,0.00,-0.01,-0.01,0.75,-0.06,-0.06,-0.19,-0.13,0.29,-1.06,0.63,0.81,0.03,0.00,-1.29
13:57:17.148653,1.69,-8.06,-0.06,0.07,0.08,-1.29,0.06,-8.06,-0.06,-0.03,0.03,-0.01,5.94,-8.06,-0.06,0.14,0.39,0.00,-0.94,0.38,0.94,-0.01,-0.19,-0.02,3.44,0.75,-0.06,-0.10,0.09,0.27,-1.06,0.56,0.69,0.05,-1.29,-0.01
13:57:17.513916,-0.31,-1.06,0.88,-0.12,0.04,-1.29,3.00,4.19,4.06,-0.09,0.09,-1.29,0.25,0.44,-8.06,0.01,0.15,-1.29,-0.88,-0.81,0.31,0.02,-1.29,-0.01,0.75,0.06,-8.06,-0.15,0.01,0.22,-1.63,0.63,1.31,0.04,-1.29,-0.01
13:57:17.877169,0.06,1.00,0.19,-0.08,0.05,-0.01,-1.94,4.06,0.50,-0.04,-0.01,0.01,-1.19,0.50,-8.06,0.04,0.05,-0.01,13.19,1.25,-0.06,0.07,-0.01,-0.01,-1.25,-0.25,0.44,-0.17,-0.10,0.29,2.06,0.88,0.06,0.05,-0.01,-0.01
13:57:18.236350,1.63,0.81,0.25,-0.11,0.06,-1.29,-3.13,0.94,0.56,-0.05,0.09,-1.29,-0.19,0.44,-8.06,0.01,0.15,-0.01,0.00,0.06,-0.06,0.02,-0.01,-0.01,0.31,0.19,-8.06,-0.14,-0.03,0.27,0.19,0.38,-0.06,0.06,0.05,-1.29
13:57:18.597403,0.00,0.13,0.06,-0.15,0.04,-1.29,-0.25,0.81,0.56,-0.04,0.03,-0.01,0.94,-8.06,-0.06,-0.01,0.13,0.00,0.94,0.00,0.19,0.02,-1.29,-0.01,-0.19,0.06,-8.06,-0.19,-0.08,0.23,0.63,-8.06,-0.06,0.03,0.01,0.01
13:57:18.963296,-0.38,0.25,0.19,-0.10,0.05,-0.01,2041.88,-0.06,-0.06,-0.05,-0.01,-0.09,0.06,-8.06,-0.06,0.06,0.11,0.00,0.06,0.44,-8.06,0.04,0.00,-1.29,-0.44,0.00,-0.06,-0.13,-0.09,0.25,0.31,0.13,0.31,0.05,0.03,-0.01
13:57:19.328733,-0.56,0.13,-8.06,-0.11,0.00,-1.29,0.38,-0.06,-0.06,-0.07,0.03,-1.29,-1.06,0.13,-8.06,0.04,0.14,-1.29,3.25,0.56,-0.06,0.04,-1.29,-0.01,0.06,0.25,-8.06,-0.11,-0.07,0.28,0.56,-8.06,-0.06,0.07,-0.01,-0.01
13:57:19.690549,-0.31,-0.13,0.31,-0.12,-0.02,-0.21,1.13,0.94,0.19,-0.04,0.02,-1.29,-0.69,0.25,0.19,0.03,0.13,0.03,0.88,0.06,0.00,0.04,-1.29,-0.01,0.88,-8.06,-0.06,-0.11,-0.03,0.23,0.31,0.38,0.75,0.08,0.00,0.00
13:57:20.056247,-0.38,0.25,-0.06,-0.14,0.00,-0.01,-0.19,-1.00,-0.19,-0.07,0.01,-1.29,-1.38,0.44,-0.06,0.01,0.16,0.00,0.44,0.81,-0.06,-0.01,0.00,0.02,0.31,-8.06,-0.06,-0.09,-0.07,0.26,1.31,0.31,0.63,0.03,-0.01,-0.01
13:57:20.417555,-0.31,0.44,-8.06,-0.12,-0.01,-0.20,0.44,-0.06,-0.06,-0.09,0.22,-0.01,-2.19,0.38,-8.06,0.04,0.06,0.02,4.00,0.19,-0.06,0.03,0.07,-1.29,0.06,-8.06,-0.06,-0.13,-0.09,0.23,0.88,-8.06,-0.06,0.07,0.04,0.02
13:57:20.776676,-0.19,-0.25,0.31,-0.13,-0.01,-0.15,7.25,5.94,1.50,-0.05,0.01,-0.01,0.00,-0.06,-0.06,0.01,0.11,0.00,-0.44,-0.44,0.25,0.05,-1.29,-0.01,-0.44,-0.25,0.06,-0.14,-0.02,0.28,1.94,0.13,0.50,0.06,0.00,0.02
13:57:21.134137,-0.31,-0.44,0.00,-0.09,0.02,-0.01,-2.06,0.31,1.00,-0.05,0.03,-0.01,0.75,0.25,0.44,0.07,0.02,0.02,1.19,0.44,-0.06,0.05,0.00,-1.29,0.69,-8.06,-0.06,-0.10,-0.10,0.28,-0.44,0.06,-0.06,0.06,0.06,-0.01
13:57:21.496114,-1.56,-0.25,0.13,-0.14,-0.01,-0.20,-1.31,0.31,-0.06,-0.08,-0.01,-0.05,-2.06,0.44,-0.06,0.03,0.10,0.00,1.00,0.13,0.19,0.00,-1.29,-0.01,0.94,-8.06,-0.06,-0.15,-0.03,0.30,0.81,0.19,0.13,0.07,0.04,0.04
13:57:21.857119,0.31,0.19,-0.06,-0.14,0.02,-1.29,-3.06,-0.25,-3.31,-0.06,0.02,-0.01,-0.19,0.13,0.06,0.02,0.09,-0.01,-0.13,0.69,0.00,0.00,-1.29,-0.01,0.06,-8.06,-0.06,-0.09,-0.04,0.27,-0.13,0.38,0.00,0.08,0.06,0.01
13:57:22.227081,-0.75,0.25,-8.06,-0.14,0.01,-0.01,-27.13,-4.00,-50.25,-0.24,0.21,-1.29,-0.50,0.19,-0.06,0.00,0.06,-0.01,10.81,-8.06,-0.06,0.01,-0.01,-0.01,-1.13,0.25,-8.06,-0.16,-0.06,0.29,2.38,1.88,0.13,0.01,-1.29,-0.01
13:57:22.593120,4.00,0.50,-8.06,-0.09,-0.01,-0.17,66.56,2.31,54.13,-0.20,0.87,-1.29,0.50,0.38,-8.06,0.04,0.00,0.03,-4.25,-0.06,-0.06,0.07,-1.29,-0.01,0.69,0.19,0.19,-0.14,-0.10,0.28,3.25,-8.06,-0.06,0.14,0.25,-1.29
13:57:22.961116,-2.94,-0.25,1.13,-0.18,0.03,-0.01,-19.38,1.13,-0.06,-0.15,-0.61,0.17,3.00,-0.06,-0.06,0.00,0.17,-0.01,-2.06,2.81,0.31,-0.01,-0.37,0.13,0.31,-0.06,-0.06,-0.12,-0.03,0.22,-3.69,1.06,-8.06,0.05,-0.01,-0.01
13:57:23.328193,-0.44,0.31,-0.06,-0.09,0.06,-0.01,-24.38,2041.69,-0.06,0.03,0.01,0.06,-0.75,0.50,-8.06,0.03,0.05,-1.29,-0.13,5.31,1.13,0.14,0.08,-0.01,-1.75,0.50,0.13,-0.14,-0.12,0.21,-0.50,0.25,-8.06,0.09,0.10,-1.29
13:57:23.688753,-4.69,-0.06,-0.06,-0.14,-0.10,-0.13,-1.63,4.81,2.88,-0.08,0.21,-0.01,1.94,0.13,0.31,0.01,0.15,0.00,1.25,-8.06,-0.06,0.05,0.06,-1.29,-3.13,0.38,-8.06,-0.17,-0.04,0.23,3.50,0.94,-8.06,0.06,0.00,-1.29
13:57:24.044857,1.50,-8.06,-0.06,0.17,0.79,0.46,1.81,1.25,0.69,-0.06,0.08,0.00,6.06,0.25,-0.06,-0.01,0.04,0.24,1.00,0.00,-8.06,0.00,0.02,0.06,-1.00,-1.81,-0.63,-0.17,0.12,0.49,0.50,-8.06,-0.06,0.06,0.07,0.03
13:57:24.412578,5.75,1.44,3.56,-0.11,0.23,-1.29,-4.81,-0.06,-0.06,0.14,0.14,-1.29,-1.81,0.13,-8.06,0.06,0.18,-0.01,2.25,2.06,-0.06,0.19,-0.01,-0.01,-1.44,-0.31,-0.50,-0.13,-0.06,0.28,-1.31,-0.63,-1.94,0.19,0.00,-1.29
13:57:24.771182,3.06,0.00,0.94,-0.10,0.10,-1.29,3.38,1.50,2.50,-0.04,-0.03,-0.11,0.63,-0.06,-0.06,0.04,0.07,0.07,-1.81,-0.56,0.81,0.10,0.01,0.01,0.00,0.00,-8.06,-0.12,-0.11,0.26,1.63,-8.06,-0.06,0.08,0.13,0.01
13:57:25.134816,0.31,-0.06,-0.06,-0.11,0.02,-0.01,3.88,1.69,-8.06,-0.09,-0.04,-0.03,-1.13,-0.13,-0.13,0.04,0.05,0.00,1.69,0.25,-0.06,0.04,-0.01,-0.01,-0.63,0.19,-8.06,-0.14,-0.07,0.27,0.81,0.06,0.00,0.07,0.00,0.02
13:57:25.497191,0.69,0.31,-8.06,-0.12,0.03,-0.01,0.25,0.19,-0.06,-0.05,0.03,-1.29,-0.38,-0.06,-0.25,0.02,0.08,0.01,0.31,0.38,-8.06,0.01,-0.01,-0.01,-0.69,-0.25,0.19,-0.17,-0.12,0.26,0.06,-0.06,-0.06,0.09,0.00,0.00
13:57:25.864385,-0.25,-0.38,0.44,-0.14,0.00,-1.29,2040.31,-0.06,-0.06,-0.07,0.11,0.02,-0.44,0.00,0.00,0.03,0.14,0.00,12.19,1.44,-0.06,0.19,0.04,-1.29,-0.94,-0.13,0.06,-0.17,-0.14,0.22,-1.06,0.81,0.50,0.14,-0.01,-0.01
13:57:26.224373,0.13,-8.06,-0.06,-0.15,0.03,-0.01,0.25,-0.06,-0.06,-0.04,0.01,-1.29,-0.19,-0.31,0.06,0.06,0.12,-1.29,0.63,0.56,0.31,0.13,-1.29,-0.01,0.25,-0.06,-0.06,-0.11,-0.03,0.22,0.06,0.06,0.00,0.14,0.06,0.01
13:57:26.584560,-0.13,0.13,0.19,-0.17,0.03,-0.01,0.06,1.19,0.75,-0.03,-0.02,-0.06,0.06,-0.06,-0.06,0.02,0.16,-0.01,0.31,0.56,-8.06,0.04,-1.29,-0.01,1.19,-0.06,-0.06,-0.18,-0.06,0.20,-1.06,0.00,-0.06,0.04,0.02,0.02
13:57:26.949209,0.38,0.38,-0.06,-0.17,0.02,-0.01,0.56,-0.06,-0.06,-0.08,-0.01,-0.04,-0.19,0.06,-0.06,0.03,0.17,-0.01,-0.75,0.25,-8.06,0.04,-1.29,-0.01,0.19,0.13,0.19,-0.15,-0.07,0.31,-0.44,0.25,-0.06,0.07,-0.01,-0.01
13:57:27.313076,-0.06,0.00,0.19,-0.14,0.00,-0.01,-0.44,-2.06,-0.13,-0.04,-0.06,-0.08,-1.13,0.44,-0.06,0.02,0.14,-1.29,0.69,0.00,-0.06,0.02,0.00,0.00,-0.31,0.19,0.06,-0.14,-0.06,0.24,0.69,0.31,-8.06,0.05,0.00,0.00
13:57:27.672437,1.13,0.31,-8.06,-0.13,0.05,-0.01,0.00,-8.06,-0.06,-0.04,0.04,-0.01,1.63,0.06,-0.06,0.07,0.10,0.03,1.75,0.25,0.00,0.05,-0.01,-0.01,0.50,-8.06,-0.06,-0.17,-0.16,0.25,-1.31,-0.06,0.94,0.09,0.00,0.01
13:57:28.030855,0.25,-8.06,-0.06,-0.14,0.01,-1.29,1.56,-0.06,-0.06,-0.04,0.02,-1.29,0.81,-0.06,-0.06,0.02,0.15,0.00,1.13,0.44,0.13,0.04,-1.29,-0.01,-1.31,0.38,-8.06,-0.08,0.01,0.26,0.25,0.31,0.13,0.09,0.00,0.07
13:57:28.391904,0.94,0.13,-0.06,-0.18,0.07,-1.29,9.63,-0.06,-0.06,-0.04,0.33,0.11,0.38,0.19,0.00,0.00,0.13,0.00,2041.38,-0.06,-0.06,0.11,0.02,0.05,0.88,0.19,-8.06,-0.19,-0.06,0.26,0.56,-8.06,-0.06,0.14,0.03,0.03
13:57:28.757362,-0.31,-0.13,0.00,-0.16,0.00,-0.01,-0.44,-3.13,-3.06,-0.13,0.00,-1.29,0.06,-8.06,-0.06,0.02,0.10,0.01,1.31,2.31,-8.06,0.05,0.15,0.00,0.94,-8.06,-0.06,-0.15,-0.04,0.25,0.81,-0.06,-0.06,0.03,0.00,0.06
13:57:29.128277,-0.75,0.13,-8.06,-0.15,0.02,-1.29,2032.75,-0.06,-0.06,-0.12,0.25,-0.01,-0.88,0.13,-8.06,0.01,0.11,-1.29,-7.31,-0.06,-0.06,0.11,0.05,0.01,-0.31,0.00,-8.06,-0.15,-0.04,0.30,-2.81,-1.56,-2.63,0.07,-1.29,-0.01
13:57:29.489149,-1.06,0.06,-0.06,-0.14,0.03,-1.29,9.69,-8.06,-0.06,-0.05,0.10,0.20,-2.31,0.31,-8.06,0.03,0.02,0.01,-1.06,0.50,-8.06,0.17,0.00,0.00,-1.50,-0.31,0.44,-0.15,-0.10,0.28,3.06,0.63,-8.06,0.13,0.11,0.07
13:57:29.853275,-0.13,-0.19,-0.50,-0.13,0.04,-0.01,-0.44,0.94,1.69,0.00,0.01,-1.29,-0.69,0.06,-8.06,0.05,0.06,0.02,-3.13,-0.31,0.38,0.12,-0.01,-0.01,0.94,0.06,0.13,-0.15,-0.11,0.26,-0.88,0.19,-0.06,0.07,-1.29,-0.01
13:57:30.217185,0.88,-0.06,-0.06,-0.18,0.01,-1.29,-3.00,-1.06,1.38,-0.09,0.05,-0.01,-0.13,-0.13,0.00,0.04,0.07,-0.01,1.56,0.81,-0.06,0.02,-1.29,-0.01,0.38,-0.06,-0.06,-0.12,-0.01,0.26,0.13,-8.06,-0.06,0.06,-0.01,-0.01
13:57:30.580620,0.13,-0.06,-0.06,-0.15,0.05,-1.29,-1.19,5.88,-0.06,-0.11,0.16,-1.29,-0.88,0.06,-8.06,0.06,0.09,0.00,5.31,-8.06,-0.06,0.04,0.08,-0.01,-0.06,0.13,0.19,-0.14,-0.05,0.20,-0.50,0.75,0.00,0.09,-0.01,-0.01
13:57:30.944148,-0.06,0.00,-8.06,-0.17,0.01,-0.01,0.94,2.38,-8.06,-0.13,-0.04,0.19,-0.19,0.19,-8.06,0.03,0.12,0.00,0.06,-8.06,-0.06,-0.02,-0.04,0.00,0.38,-8.06,-0.06,-0.14,-0.04,0.24,0.75,0.00,0.56,0.06,-1.29,-0.01
13:57:31.300079,-0.19,-0.31,0.19,-0.15,-0.08,-0.23,4.50,-0.06,-0.06,-0.13,0.10,-0.01,-0.50,0.25,0.31,0.02,0.13,0.00,2.56,-0.06,-0.06,0.01,0.04,-1.29,0.31,0.00,-0.06,-0.12,0.01,0.22,0.38,0.50,0.25,0.08,0.00,0.08
13:57:31.661432,-0.13,-0.31,0.13,-0.15,0.00,-0.01,0.06,0.81,0.56,-0.04,0.01,-1.29,-0.44,0.25,-8.06,0.05,0.08,0.00,-0.13,-0.06,0.25,0.07,-0.01,-0.01,-0.13,-0.06,0.06,-0.14,-0.13,0.23,0.56,0.00,0.31,0.09,0.01,0.06
13:57:32.019836,0.75,-0.06,-0.06,-0.16,0.01,-1.29,0.56,0.94,0.06,0.00,0.02,-0.01,0.25,0.06,0.00,0.06,0.11,0.03,-0.63,-0.19,-0.19,0.08,-1.29,-0.01,1.25,0.06,-0.06,-0.13,-0.07,0.25,-0.69,0.25,-8.06,0.09,0.02,0.05
13:57:32.381102,0.69,0.00,0.00,-0.16,-0.02,-0.18,-6.63,-0.06,-0.06,-0.09,0.06,-0.01,0.44,0.19,-8.06,0.01,0.14,-0.01,3.38,-0.06,-0.06,0.13,-1.29,-0.01,0.13,-8.06,-0.06,-0.13,0.00,0.19,1.38,-0.06,-0.06,0.06,0.02,0.05
13:57:32.741417,3.94,1.88,-0.06,-0.13,0.02,-0.01,-5.19,-0.06,-0.06,-0.16,0.20,-0.01,-1.25,1.31,-0.06,0.02,-1.29,-0.01,5.75,-8.06,-0.06,0.03,0.02,0.03,1.13,0.06,-8.06,-0.19,-0.06,0.29,2.25,1.50,-8.06,0.05,0.00,0.07
13:57:33.109270,6.63,-10.75,-19.88,-0.36,326.81,-0.01,1.31,-8.31,3.25,-0.11,0.00,-0.01,16.44,-0.06,-0.06,-0.11,0.11,0.11,-0.69,-1.25,0.44,0.13,-0.01,-0.01,11.94,-0.06,-0.06,-0.25,0.29,0.45,1.00,0.00,2.00,0.12,-1.29,-0.01
13:57:33.483426,9.69,-8.06,-0.06,0.49,0.42,-1.29,26.25,-8.06,-0.06,0.02,0.35,-0.01,-3.00,2.38,-8.06,0.23,-1.99,-0.01,2032.25,-0.06,-0.06,0.10,0.13,-1.29,2042.19,-0.06,-0.06,-0.04,-0.90,-0.01,-9.94,-0.31,-1.56,0.02,0.23,-0.01
13:57:33.853666,40.00,2033.88,-0.06,0.39,0.81,-0.01,32.81,-8.06,-0.06,-0.16,-0.28,-0.28,-0.19,-5.31,-0.06,0.46,-0.01,-0.01,0.50,-8.06,-0.06,0.00,-1.29,-0.01,4.94,1.19,-8.06,-0.08,-0.22,0.28,1.50,2.44,2.44,0.05,-1.29,-0.01
13:57:34.218753,37.56,5.50,-0.06,-0.16,0.46,-1.29,-2.81,5.88,1.44,-0.01,-0.03,0.20,10.69,2.81,-0.06,0.07,0.45,-1.29,0.88,-8.06,-0.06,0.10,0.08,-1.29,0.31,-0.06,-0.06,-0.06,0.07,0.15,-2.88,1.50,1.44,0.09,-1.29,-0.01
13:57:34.585654,2041.50,-0.06,-0.06,0.13,-1.29,-0.01,-6.88,-0.06,-0.06,-0.25,0.13,0.03,-18.75,-2.63,6.44,0.17,0.06,0.13,2.38,1.50,-0.06,-0.10,0.08,-1.29,2.00,3.00,-8.06,-0.08,0.05,0.37,1.88,-8.06,-0.06,-0.03,-0.03,0.09
13:57:34.955995,17.19,2.00,-8.06,-0.11,0.21,-0.01,2.38,-0.06,-0.06,-0.02,0.01,0.00,-1.50,-6.00,-0.06,0.15,0.31,0.10,-0.25,0.25,-8.06,0.06,-1.29,-0.01,2041.81,-0.06,-0.06,-0.03,0.00,0.26,-0.31,-0.56,-0.81,0.15,-0.01,-0.01
13:57:35.323943,-2.94,1.75,-8.06,-0.14,-0.06,-0.23,1.69,3.25,1.13,-0.03,0.00,-0.01,-3.88,0.00,-8.06,0.00,0.00,-0.01,-2.44,-2.63,-0.19,0.04,0.05,-1.29,4.13,0.06,1.56,-0.21,-0.03,0.10,-1.75,-0.38,-1.44,0.09,-1.29,-0.01
13:57:35.694592,-4.06,-0.06,-0.06,-0.10,0.01,-1.29,-15.25,-0.06,-0.06,0.04,-1.29,-0.01,-8.31,-2.75,-1.63,0.09,-0.01,-0.01,2.69,1.50,-0.06,0.12,0.10,0.05,-6.69,-0.06,-0.06,-0.22,-0.23,0.32,-0.69,-1.38,-2.63,0.08,0.17,0.05
13:57:36.067848,88.19,-72.63,-59.56,-0.57,-0.64,0.53,23.56,18.69,7.38,-0.09,0.18,-0.01,-19.75,10.13,-11.81,-0.28,1.03,-1.29,5.31,-8.06,-0.06,0.07,-0.01,-0.01,-2.44,5.06,6.38,-0.10,0.90,0.58,3.06,0.13,1.13,0.05,-1.29,-0.01
13:57:36.447528,2035.50,-0.06,-0.06,-0.31,-1.17,-0.01,-14.25,-0.06,-0.06,-0.27,0.96,-1.29,-0.44,0.69,-0.06,-0.20,0.34,-1.29,2.88,-9.56,2035.75,0.18,0.38,-1.29,2032.13,-0.06,-0.06,-0.09,0.16,0.06,20.25,-0.06,-0.06,0.30,-1.29,-0.01
13:57:36.816397,-17.31,2043.31,-0.06,0.24,-0.01,-0.01,32.06,-0.06,-0.06,-0.22,0.32,0.34,-1.31,9.06,0.63,0.02,0.09,-0.01,12.50,1.19,5.44,0.27,0.36,0.09,1.75,-8.06,-0.06,-0.15,-0.37,0.30,8.06,-8.06,-0.06,0.24,-0.01,-0.01
13:57:37.184791,1.50,-8.06,-0.06,-0.27,0.54,-0.01,32.31,-8.06,-0.06,-0.20,0.70,-0.01,10.06,-8.06,-0.06,-0.11,0.37,-1.29,14.63,1.38,0.75,-0.13,0.45,-0.01,0.19,0.94,1.06,-0.27,0.24,-1.29,4.50,0.75,-8.06,0.12,-0.01,-0.01
13:57:37.559320,-18.06,1.13,23.38,-0.09,-0.08,-0.08,-0.25,-1.38,0.56,-0.04,0.00,-1.29,2040.88,-0.06,-0.06,0.17,0.11,0.13,-2.63,0.38,-0.06,0.09,-1.29,-0.01,2040.13,-0.06,-0.06,-0.16,-0.13,0.36,0.88,0.31,-8.06,0.07,-1.29,-0.01
13:57:37.919323,-1.13,-1.88,1.88,0.01,0.04,-0.01,26.94,2.44,-0.06,-0.12,-0.02,-0.02,0.44,0.63,2.06,0.09,-0.01,-0.01,2.00,0.38,0.19,0.02,0.04,-1.29,1.56,0.69,-0.06,-0.16,-0.16,0.28,1.31,-0.06,-0.06,0.06,0.06,-1.29
13:57:38.287481,-4.38,-0.06,-0.06,-0.06,-0.11,0.00,-41.00,14.69,-0.06,-0.07,-0.04,-0.01,-0.81,0.13,1.88,0.01,0.09,0.00,-2.69,-0.50,0.69,0.03,0.01,-1.29,-1.50,0.69,-0.06,-0.12,-0.01,0.23,1.31,0.38,1.13,0.11,-1.29,-0.01
13:57:38.649552,2.63,1.06,-8.06,-0.01,-0.03,-0.11,-2.88,0.69,0.81,-0.10,0.02,-0.01,0.38,-0.06,-0.06,0.06,0.03,0.03,0.50,0.56,-0.06,0.06,-0.01,-0.01,0.69,0.19,0.38,-0.17,-0.07,0.34,-0.38,-0.06,-0.19,0.03,-0.01,-0.01
13:57:39.015154,5.19,-8.06,-0.06,-0.15,-0.05,0.00,5.31,0.81,2.50,-0.09,0.07,-0.01,1.50,1.13,0.06,0.04,0.11,0.00,-1.56,-0.56,-0.44,0.06,-0.01,-0.01,-0.31,0.19,-0.06,-0.14,-0.16,0.23,0.69,0.06,0.31,0.07,-1.29,-0.01
13:57:39.382740,-1.00,-7.06,-0.06,0.01,0.05,-1.29,2041.31,-0.06,-0.06,0.09,-0.01,-0.01,-3.31,-1.38,-1.13,0.08,0.00,0.00,0.00,2.00,0.63,0.19,-0.01,-0.01,-0.38,0.75,1.63,-0.12,-0.03,0.17,-2.06,1.81,-8.06,0.15,0.10,-1.29
13:57:39.752005,-4.19,-0.06,-0.06,0.41,-0.01,-0.01,2.13,1.44,-8.06,0.04,0.02,-1.29,-16.94,-9.63,2032.00,-0.44,-0.35,0.25,-1.25,0.25,0.38,0.10,0.00,0.00,-15.00,-0.06,-0.06,-0.07,0.02,-1.29,0.69,1.25,-8.06,0.16,0.14,0.00
13:57:40.123452,2043.19,-0.06,-0.06,-0.18,-0.39,-0.87,1.25,0.69,0.75,-0.09,-0.03,-0.08,-34.69,-18.56,-9.06,0.46,-1.29,-0.01,0.19,0.13,-8.06,0.00,-0.01,-0.01,2034.56,-0.06,-0.06,-0.27,-0.39,0.32,2.44,-8.06,-0.06,0.12,0.08,0.09
13:57:40.493614,-24.38,-7.13,-0.06,0.43,-1.29,-0.01,0.44,0.06,-8.06,-0.04,0.04,-1.29,16.31,-8.06,-0.06,0.04,-1.29,-0.01,-0.50,0.00,-8.06,0.05,-1.29,-0.01,18.44,-8.06,-0.06,-0.11,-0.13,-0.17,0.88,-8.06,-0.06,0.05,0.01,0.04
13:57:40.854615,7.44,3.00,4.19,-0.11,-0.11,-0.09,1.94,0.69,0.13,-0.06,0.03,-0.01,22.44,-8.06,-0.06,0.10,0.40,0.10,-0.25,0.00,0.06,0.01,-1.29,-0.01,12.19,-0.06,-0.06,-0.13,-0.09,0.18,1.19,0.06,1.00,0.07,0.07,0.03
13:57:41.223097,-2.50,4.88,-8.06,-0.05,-0.18,-0.19,-3.56,-1.19,-0.88,-0.11,0.01,-0.01,-1.56,-1.06,0.81,0.10,-1.29,-0.01,0.69,-8.06,-0.06,-0.01,0.06,0.00,4.13,-8.06,-0.06,-0.27,-0.20,0.23,0.25,0.06,0.00,0.05,-0.01,-0.01
13:57:41.591946,14.75,2.38,-8.06,0.03,-0.01,-0.01,11.88,19.56,-0.06,-0.39,0.06,0.33,4.00,2.06,-8.06,0.04,0.05,-1.29,8.81,-8.06,-0.06,-0.17,0.00,-1.29,1.19,-0.06,-0.06,-0.08,-0.01,0.22,0.25,-8.06,-0.06,0.00,-1.29,-0.01
13:57:41.961589,-3.81,-10.63,-1.19,-0.05,0.03,-0.01,-0.38,-0.19,-0.38,-0.10,0.00,-1.29,1.31,0.38,1.00,0.15,0.31,0.13,0.56,-8.06,-0.06,0.02,-1.29,-0.01,2.31,0.69,-8.06,-0.12,-0.07,0.24,-1.00,1.25,-8.06,0.05,-1.29,-0.01
13:57:42.326116,0.13,-0.06,-0.06,-0.05,-0.10,-0.11,0.38,-0.06,-0.06,-0.03,0.03,-1.29,0.44,0.50,-0.06,0.10,0.06,0.00,-0.13,0.19,-8.06,0.06,-1.29,-0.01,0.75,0.06,0.44,-0.21,-0.09,0.30,-1.06,0.63,-8.06,0.05,0.00,0.04
13:57:42.695596,1.63,0.44,-0.06,-0.06,0.01,-0.01,-2.13,-0.81,-0.06,-0.09,-0.05,-0.07,-0.38,0.25,-0.06,0.09,0.10,-1.29,-3.56,-0.19,-0.63,0.04,-0.01,-0.01,-0.19,-0.50,-0.19,-0.19,-0.14,0.27,-0.31,-0.44,0.25,0.08,0.00,0.06
13:57:43.059904,-5.44,-0.06,-0.06,-0.07,-0.18,-0.06,-2.69,0.75,2.75,-0.06,0.03,-1.29,-0.19,-0.06,0.50,0.03,0.04,0.00,1.56,0.13,-8.06,0.00,0.05,-1.29,0.44,-8.06,-0.06,-0.21,-0.10,0.27,-2.06,0.13,0.25,0.03,-0.01,-0.01
13:57:43.427962,-2.75,0.25,0.38,-0.09,-0.10,-0.06,-0.06,-0.13,-2.63,-0.04,-0.13,-0.09,-0.31,0.00,0.44,0.06,0.01,0.01,2.44,2.25,-8.06,0.11,-0.01,-0.01,-0.13,0.06,-8.06,-0.16,-0.09,0.27,-0.94,0.38,-8.06,0.03,-1.29,-0.01
13:57:43.796514,-1.44,-0.38,0.56,-0.11,-0.12,-0.02,31.56,6.75,-8.06,-0.06,0.58,-1.29,-0.63,0.38,0.06,0.10,0.10,-0.01,-7.44,-0.06,-0.06,0.08,0.19,-1.29,0.75,0.31,-0.06,-0.17,-0.07,0.29,2.38,-8.06,-0.06,0.08,0.14,-1.29
13:57:44.158200,3.94,-0.06,-0.06,-0.04,-0.08,-0.21,2.81,-0.06,-0.06,-0.10,0.27,-1.29,-0.88,-0.38,0.06,0.11,0.06,0.00,3.00,0.13,-0.06,0.13,0.01,0.00,0.75,-0.06,-0.06,-0.15,-0.08,0.20,0.94,0.44,0.13,0.02,-1.29,-0.01
13:57:44.525312,-0.06,1.44,-0.06,0.06,0.00,-1.29,-9.44,-10.31,-15.00,-0.05,0.02,-1.29,-1.06,-3.19,0.69,0.26,0.14,0.00,-2.94,-0.19,-0.31,0.08,0.04,0.00,5.19,-8.06,-0.06,-0.06,-0.17,0.32,5.00,-8.06,-0.06,-0.01,0.14,0.03
13:57:44.891750,-1.13,-0.19,-0.06,-0.03,0.02,-1.29,4.81,-0.06,-0.06,-0.13,0.44,-0.01,-0.44,1.19,-8.06,0.07,0.10,0.01,2.88,0.44,-8.06,0.03,-1.29,-0.01,0.69,0.25,-0.06,-0.20,-0.14,0.21,-0.06,-0.19,-0.44,0.06,-1.29,-0.01
13:57:45.256670,7.50,1.63,-0.06,-0.13,0.11,-1.29,-0.81,4.44,1.69,-0.07,0.00,-0.01,0.75,0.63,-8.06,0.09,0.07,-0.01,-0.69,-0.69,-0.13,0.01,-1.29,-0.01,-0.50,-0.25,-0.06,-0.23,-0.11,0.24,0.06,1.63,-0.06,0.02,-1.29,-0.01
13:57:45.621138,-3.13,0.13,0.38,-0.07,-0.16,-0.11,-0.88,6.50,3.31,-0.02,0.00,-1.29,0.94,-8.06,-0.06,0.10,0.10,0.00,-0.25,-1.06,-0.19,0.01,0.00,0.00,-0.31,0.44,0.25,-0.18,-0.06,0.28,-0.25,1.00,-0.06,0.04,-1.29,-0.01
13:57:45.984689,2.63,1.69,-8.06,-0.10,-0.09,-0.03,3.38,2.69,1.25,-0.01,0.02,-0.01,-0.06,0.50,0.19,0.07,0.12,0.05,4.44,1.00,-0.06,-0.03,-0.01,-0.04,0.00,-8.06,-0.06,-0.18,-0.10,0.25,0.56,-8.06,-0.06,0.03,-0.01,-0.01
13:57:46.352638,1.19,-0.06,-0.06,-0.08,0.05,-1.29,-3.44,-10.81,-3.06,-0.05,-0.09,-0.07,-1.56,1.38,-8.06,0.12,0.18,-1.29,-0.06,0.25,-8.06,0.08,-1.29,-0.01,0.44,0.38,0.06,-0.19,-0.08,0.25,-0.13,-0.13,0.38,0.05,-1.29,-0.01
13:57:46.716020,1.75,-0.06,-0.06,-0.08,0.06,-0.01,-2.25,5.56,2.88,-0.09,-0.04,-0.07,0.50,-8.06,-0.06,0.09,0.13,0.02,-1.25,-0.63,0.25,0.02,-1.29,-0.01,0.31,0.06,-8.06,-0.15,-0.11,0.25,0.63,-8.06,-0.06,0.05,0.00,0.06
13:57:47.078144,1.50,0.31,-0.06,-0.10,-0.02,-0.09,-2.31,1.13,1.50,-0.06,-0.02,-0.06,0.13,0.69,0.25,0.07,0.15,-1.29,-0.25,0.19,0.00,0.04,-1.29,-0.01,0.81,-0.06,-0.06,-0.14,-0.11,0.28,0.50,0.00,-8.06,0.05,-1.29,-0.01
13:57:47.440516,0.00,-8.06,-0.06,-0.09,-0.04,-0.06,0.38,0.13,0.25,-0.07,0.01,-1.29,0.19,-8.06,-0.06,0.12,0.12,0.02,0.50,0.06,0.00,0.04,-1.29,-0.01,0.56,0.06,0.25,-0.17,-0.13,0.26,0.56,0.25,0.00,0.06,-0.01,-0.01
13:57:47.803559,-0.69,-0.44,0.69,-0.07,-0.07,-0.07,0.00,0.19,0.06,-0.05,0.03,-0.01,0.44,-0.06,-0.06,0.10,0.19,-0.01,0.88,0.38,0.00,0.06,-0.01,-0.01,0.50,0.19,-8.06,-0.09,-0.10,0.24,0.13,0.06,0.00,0.06,-0.01,-0.01
13:57:48.168133,-1.50,-0.75,0.75,-0.14,0.01,-1.29,-0.13,0.00,0.25,-0.05,0.00,-0.01,-0.25,-0.31,0.00,0.09,0.20,-1.29,-0.13,0.00,-8.06,0.05,-1.29,-0.01,-0.56,0.38,-0.06,-0.13,-0.14,0.26,0.50,0.13,-0.06,0.05,-1.29,-0.01
13:57:48.535969,-3.50,-0.13,-0.19,-0.09,0.01,-1.29,0.25,0.25,0.06,-0.06,0.02,-1.29,0.31,-0.06,-0.06,0.05,0.07,-0.01,1.19,0.06,-8.06,0.01,-0.01,-0.01,-0.56,-0.06,-0.19,-0.15,-0.10,0.23,0.88,0.19,0.06,0.06,-1.29,-0.01
13:57:48.901431,3.31,0.00,-8.06,-0.28,0.08,-0.01,-0.13,-0.56,0.25,-0.06,0.00,-0.01,-3.44,1.81,-0.06,0.10,0.06,-0.01,0.94,0.00,0.19,0.04,-0.01,-0.01,-1.63,-0.38,0.00,-0.19,-0.10,0.25,-0.63,0.00,-8.06,0.03,-1.29,-0.01
13:57:49.266299,5.38,1.69,-0.06,-0.09,0.11,-0.01,-1.56,-0.38,-0.19,-0.02,0.04,-1.29,-0.38,-0.69,-0.31,0.05,0.06,0.00,0.44,0.13,0.00,0.02,-0.01,-0.01,-0.13,-0.50,0.06,-0.17,-0.13,0.22,-1.25,0.06,0.00,0.04,-0.01,-0.01
13:57:49.637489,4.06,-8.06,-0.06,-0.08,0.07,-1.29,-11.25,12.75,-0.06,-0.13,0.34,-1.29,-0.56,0.06,-0.06,0.06,0.10,-1.29,2042.13,-0.06,-0.06,0.01,-0.01,-0.01,-0.63,-0.44,-0.19,-0.14,-0.13,0.27,-1.88,0.50,0.00,0.07,-0.01,-0.01
13:57:49.999513,2.25,2.00,-8.06,-0.02,-0.12,-0.02,-2.31,-0.50,5.88,0.05,-0.01,-0.01,-1.75,0.19,0.75,0.04,0.06,-0.01,0.75,-0.06,-0.06,0.01,-1.29,-0.01,1.63,0.06,-8.06,-0.07,-0.08,0.29,-0.06,0.13,0.25,0.10,-1.29,-0.01
13:57:50.362698,-0.31,-0.56,0.44,-0.06,0.00,-1.29,22.25,-0.06,-0.06,-0.07,0.31,-0.01,0.88,-0.06,-0.06,0.05,0.04,0.03,3.13,-0.06,-0.06,0.03,0.15,-0.01,0.69,0.25,-8.06,-0.15,-0.13,0.24,-1.31,0.00,0.06,0.09,-0.01,-0.01
13:57:50.726519,0.13,2.44,-0.06,-0.04,-0.11,-0.06,7.88,6.88,-0.06,-0.01,-0.15,-0.01,-2.31,0.69,-0.06,0.02,0.02,-0.01,-1.06,-0.50,0.06,0.03,0.02,-1.29,0.19,-0.06,-0.06,-0.17,-0.08,0.19,0.63,0.00,-8.06,0.08,0.00,0.03
13:57:51.091834,0.38,-8.06,-0.06,-0.13,-0.03,-0.06,2040.75,-0.06,-0.06,-0.08,0.11,-1.29,0.94,0.06,-8.06,0.00,0.15,-1.29,2.88,1.50,0.19,0.02,-1.29,-0.01,-1.69,-0.19,0.13,-0.18,-0.12,0.25,1.31,0.69,-0.06,0.06,0.09,0.06
13:57:51.461937,-0.31,0.13,-8.06,-0.05,-0.06,-0.09,65.88,18.94,-8.06,-0.09,1.02,-0.01,-0.69,-0.31,0.19,0.07,0.10,0.03,2041.19,-0.06,-0.06,0.04,0.30,-0.01,-0.19,-0.19,0.06,-0.20,-0.18,0.23,2.44,-8.06,-0.06,0.15,0.19,-0.01
13:57:51.832478,0.13,-8.06,-0.06,-0.07,-0.03,-0.04,-40.81,-11.13,-19.81,-0.09,-0.15,-0.09,0.00,-8.06,-0.06,0.05,0.17,-1.29,5.00,2.00,0.00,0.08,-0.01,-0.01,0.38,-0.06,-0.06,-0.16,-0.11,0.22,6.06,-0.06,-0.06,0.00,0.14,0.04
13:57:52.200629,-0.81,-0.13,0.31,-0.07,-0.12,-0.05,-0.63,4.19,-8.75,-0.08,0.60,-0.01,-0.69,0.13,-0.06,0.06,0.17,0.00,-0.13,2.94,2.56,-0.01,0.31,-0.01,-1.13,-0.44,0.19,-0.19,-0.12,0.25,0.06,-8.06,-0.06,0.12,0.06,0.03
13:57:52.566898,-0.19,-0.13,0.06,-0.06,-0.09,-0.04,43.88,23.69,37.19,0.01,0.07,-0.01,0.19,0.19,-8.06,0.08,0.16,0.02,2033.00,-0.06,-0.06,0.19,-1.29,-0.01,-0.06,0.06,-8.06,-0.16,-0.11,0.21,0.13,0.38,0.31,0.08,0.16,0.04
13:57:52.943177,1.00,-8.06,-0.06,-0.05,-0.05,-0.07,2035.00,-0.06,-0.06,-0.02,-0.17,-0.08,0.06,0.06,-8.06,0.15,0.17,0.02,2043.50,-0.06,-0.06,-0.08,-0.18,-0.09,-0.13,0.00,0.25,-0.16,-0.13,0.29,3.81,-8.06,-0.06,0.13,0.00,-1.29
13:57:53.308503,-0.19,0.25,-8.06,-0.07,-0.06,-0.09,-75.63,-34.69,-73.56,0.01,-0.01,-0.01,-1.06,-0.38,-0.56,0.13,0.21,0.00,2.25,3.69,1.63,0.20,-1.29,-0.01,-1.31,0.19,0.38,-0.20,-0.08,0.23,-0.44,2.75,0.75,0.10,0.09,0.16
13:57:53.689377,-0.31,0.38,1.00,-0.01,-0.06,-0.08,-19.00,28.25,64.19,0.01,-0.01,-0.01,2043.38,-0.06,-0.06,0.03,0.01,-0.01,-58.88,54.81,-0.06,0.18,-1.29,-0.01,-2.44,0.31,-0.06,-0.12,-0.02,0.09,-43.06,-25.44,22.19,0.02,-0.01,-0.01
13:57:54.061843,-0.38,-0.56,0.88,-0.13,-0.08,-0.07,-5.00,-0.06,-0.06,0.07,-1.29,-0.01,-0.44,-0.69,-0.25,0.05,0.04,-0.01,41.81,-12.88,-0.06,-0.11,-0.30,0.25,-3.13,0.38,-8.06,-0.29,-0.18,0.26,27.63,6.38,-8.06,-0.09,0.00,0.32
